0.39509889 0.38053367 1.10956013 68 73 33 0.000000 1.000000 0.000000 -0.629092 0.749655 -0.205575
0.39509889 0.38053367 1.10956013 68 73 33 0.000000 1.000000 0.000000 -0.629092 0.749655 -0.205575
0.39479536 0.38039014 1.11083853 71 73 36 0.000000 1.000000 0.000000 -0.723718 0.651815 -0.226650
0.39423785 0.38023338 1.11205506 71 72 34 0.000000 1.000000 0.000000 -0.758669 0.593947 -0.267672
0.39460376 0.38135758 1.11197340 74 72 34 0.000000 1.000000 0.000000 -0.933691 0.268173 -0.237284
0.39509889 0.38053367 1.10956013 68 73 33 0.000000 1.000000 0.000000 -0.629092 0.749655 -0.205575
0.39460376 0.38135758 1.11197340 74 73 34 0.000000 1.000000 0.000000 -0.933691 0.268173 -0.237284
0.39509889 0.38053367 1.10956013 68 73 33 0.000000 1.000000 0.000000 -0.629092 0.749655 -0.205575
0.39479536 0.38039014 1.11083853 71 72 36 0.000000 1.000000 0.000000 -0.723718 0.651815 -0.226650
0.39509889 0.38053367 1.10956013 67 72 33 0.000000 1.000000 0.000000 -0.629092 0.749655 -0.205575
0.39460376 0.38135758 1.11197340 74 73 34 0.000000 1.000000 0.000000 -0.933691 0.268173 -0.237284
0.39509889 0.38053367 1.10956013 68 73 33 0.000000 1.000000 0.000000 -0.629092 0.749655 -0.205575
0.39460376 0.38135758 1.11197340 74 73 34 0.000000 1.000000 0.000000 -0.933691 0.268173 -0.237284
0.39423785 0.38023338 1.11205506 71 72 34 0.000000 1.000000 0.000000 -0.758669 0.593947 -0.267672
0.39423785 0.38023338 1.11205506 70 72 34 0.000000 1.000000 0.000000 -0.758669 0.593947 -0.267672
0.39423785 0.38023338 1.11205506 71 72 34 0.000000 1.000000 0.000000 -0.758669 0.593947 -0.267672
0.39135933 0.37352425 1.10536647 65 71 28 0.000000 1.000000 0.000000 -0.479956 -0.246878 -0.841839
0.39409545 0.37935328 1.10894823 67 72 32 0.000000 1.000000 0.000000 -0.489569 0.857113 -0.160249
0.39409545 0.37935328 1.10894823 67 72 32 0.000000 1.000000 0.000000 -0.493038 0.855090 -0.160421
0.39409545 0.37935328 1.10894823 67 72 32 0.000000 1.000000 0.000000 -0.489569 0.857113 -0.160249
0.39135933 0.37352425 1.10536647 65 71 28 0.000000 1.000000 0.000000 -0.479956 -0.246878 -0.841839
0.39353794 0.37919652 1.11016476 68 73 32 0.000000 1.000000 0.000000 -0.513578 0.847184 -0.136076
0.39353794 0.37919652 1.11016476 68 73 32 0.000000 1.000000 0.000000 -0.513578 0.847184 -0.136076
0.39353794 0.37919652 1.11016476 68 73 32 0.000000 1.000000 0.000000 -0.513578 0.847184 -0.136076
0.39135933 0.37352425 1.10536647 65 71 28 0.000000 1.000000 0.000000 -0.479956 -0.246878 -0.841839
0.39135933 0.37352425 1.10536647 65 71 28 0.000000 1.000000 0.000000 -0.479956 -0.246878 -0.841839
0.39409545 0.37935328 1.10894823 67 72 32 0.000000 1.000000 0.000000 -0.489569 0.857113 -0.160249
0.39353794 0.37919652 1.11016476 68 73 32 0.000000 1.000000 0.000000 -0.513578 0.847184 -0.136076
0.39409545 0.37935328 1.10894823 67 72 31 0.000000 1.000000 0.000000 -0.489569 0.857113 -0.160249
0.39409545 0.37935328 1.10894823 66 72 32 0.000000 1.000000 0.000000 -0.489569 0.857113 -0.160249
0.39141908 0.38069671 1.12132525 73 77 41 0.000000 1.000000 0.000000 -0.608602 0.406287 -0.681568
0.39374188 0.38108456 1.11945510 72 76 42 0.000000 1.000000 0.000000 -0.606611 0.452869 -0.653401
0.39374188 0.38108456 1.11945510 72 76 42 0.000000 1.000000 0.000000 -0.606611 0.452869 -0.653401
0.39436248 0.38120583 1.11299765 75 74 33 0.000000 1.000000 0.000000 -0.892114 0.431117 -0.135169
0.39436248 0.38120583 1.11299765 75 74 33 0.000000 1.000000 0.000000 -0.892114 0.431117 -0.135169
0.39141908 0.38069671 1.12132525 73 77 41 0.000000 1.000000 0.000000 -0.608602 0.406287 -0.681568
0.39577690 0.38045132 1.11566031 71 78 36 0.000000 1.000000 0.000000 -0.313080 0.947035 0.071450
0.39577690 0.38045132 1.11566031 71 78 36 0.000000 1.000000 0.000000 -0.313080 0.947035 0.071450
0.39374188 0.38108456 1.11945510 72 76 42 0.000000 1.000000 0.000000 -0.606611 0.452869 -0.653401
0.39374188 0.38108456 1.11945510 72 76 42 0.000000 1.000000 0.000000 -0.606611 0.452869 -0.653401
0.39374188 0.38108456 1.11945510 72 76 42 0.000000 1.000000 0.000000 -0.606611 0.452869 -0.653401
0.39367262 0.38026136 1.11326373 72 76 35 0.000000 1.000000 0.000000 -0.569734 0.814530 -0.109284
0.39141908 0.38069671 1.12132525 73 77 41 0.000000 1.000000 0.000000 -0.608602 0.406287 -0.681568
0.39577690 0.38045132 1.11566031 71 78 36 0.000000 1.000000 0.000000 -0.313080 0.947035 0.071450
0.39367262 0.38026136 1.11326373 72 75 34 0.000000 1.000000 0.000000 -0.577731 0.808823 -0.109696
0.39141908 0.38069671 1.12132525 72 76 40 0.000000 1.000000 0.000000 -0.608602 0.406287 -0.681568
0.39436248 0.38120583 1.11299765 75 74 33 0.000000 1.000000 0.000000 -0.892114 0.431117 -0.135169
0.39577690 0.38045132 1.11566031 71 78 36 0.000000 1.000000 0.000000 -0.313080 0.947035 0.071450
0.39367262 0.38026136 1.11326373 71 76 35 0.000000 1.000000 0.000000 -0.569734 0.814530 -0.109284
0.39374188 0.38108456 1.11945510 72 76 42 0.000000 1.000000 0.000000 -0.606611 0.452869 -0.653401
0.39397347 0.38063586 1.11305571 73 75 34 0.000000 1.000000 0.000000 -0.700163 0.703149 -0.123909
0.39436248 0.38120583 1.11299765 75 73 33 0.000000 1.000000 0.000000 -0.892114 0.431117 -0.135169
0.39374188 0.38108456 1.11945510 72 76 42 0.000000 1.000000 0.000000 -0.606611 0.452869 -0.653401
0.38008061 0.36733815 1.11480212 65 73 24 0.000000 1.000000 0.000000 -0.335384 -0.594618 -0.730716
0.37702700 0.37276244 1.11455214 64 69 28 0.000000 1.000000 0.000000 -0.753498 0.531208 -0.387373
0.38028911 0.36744368 1.10837901 68 71 24 0.000000 1.000000 0.000000 0.013886 -0.339581 0.940474
0.37666610 0.37168440 1.11571193 62 69 27 0.000000 1.000000 0.000000 -0.983033 0.170392 -0.067919
0.38287261 0.37379727 1.11136711 66 72 28 0.000000 1.000000 0.000000 -0.430666 0.778448 -0.456668
0.38835436 0.37200719 1.10751057 67 71 26 0.000000 1.000000 0.000000 -0.419692 -0.531610 -0.735696
0.36704230 0.37202176 1.13302529 62 73 33 0.000000 1.000000 0.000000 -0.378007 0.842282 -0.384281
0.38363123 0.37757003 1.12518084 71 76 40 0.000000 1.000000 0.000000 -0.498860 0.569405 -0.653389
0.37256664 0.37300542 1.12895441 65 72 32 0.000000 1.000000 0.000000 -0.547087 0.680931 -0.486857
0.37781706 0.37478000 1.12195981 63 69 31 0.000000 1.000000 0.000000 -0.624340 0.680349 -0.383829
0.38787621 0.37737900 1.11220694 66 71 31 0.000000 1.000000 0.000000 -0.345790 0.917836 -0.194951
0.37473115 0.37240186 1.12572956 64 72 31 0.000000 1.000000 0.000000 -0.735174 0.464233 -0.493971
0.37471941 0.36640316 1.11985505 67 75 28 0.000000 1.000000 0.000000 -0.596024 0.471783 -0.649751
0.37795445 0.36602902 1.11661541 66 74 25 0.000000 1.000000 0.000000 -0.468722 -0.811923 -0.347967
0.38059965 0.36841866 1.11354613 64 72 25 0.000000 1.000000 0.000000 -0.271527 -0.751067 -0.601806
0.37709898 0.37086874 1.11355281 65 71 27 0.000000 1.000000 0.000000 -0.853084 -0.034343 -0.520642
0.39047438 0.37131953 1.10670412 67 70 24 0.000000 1.000000 0.000000 -0.703342 -0.547044 -0.453930
0.37587696 0.37446234 1.12944841 72 80 43 0.000000 2.000000 0.000000 -0.355083 0.873229 -0.333747
0.36794955 0.37121356 1.13057768 64 69 32 0.000000 1.000000 0.000000 -0.430160 0.767091 -0.475956
0.37582058 0.37448952 1.12579393 66 73 34 0.000000 1.000000 0.000000 -0.764098 0.489219 -0.420499
0.37583017 0.37161511 1.12359786 61 69 28 0.000000 2.000000 0.000000 -0.830278 0.409604 -0.377974
0.39472726 0.38037944 1.11500120 71 77 35 0.000000 1.000000 0.000000 -0.286920 0.938380 0.192666
0.37818772 0.37397256 1.12005472 64 73 30 0.000000 2.000000 0.000000 -0.607340 0.786749 -0.110292
0.38355193 0.37665445 1.11683309 66 73 31 0.000000 1.000000 0.000000 -0.318796 0.943159 0.093919
0.37819859 0.37403768 1.11722434 64 69 29 0.000000 2.000000 0.000000 -0.793167 0.608965 -0.006873
0.38554606 0.36956885 1.10959780 65 72 26 0.000000 1.000000 0.000000 -0.361697 -0.594100 -0.718485
0.37561122 0.36845040 1.12351203 63 72 28 0.000000 1.000000 0.000000 -0.931666 -0.203145 -0.301215
0.37616369 0.36856097 1.12121725 64 73 28 0.000000 1.000000 0.000000 -0.655190 0.744737 -0.126859
0.38008061 0.36733815 1.11480212 65 73 24 0.000000 1.000000 0.000000 -0.335384 -0.594618 -0.730716
0.38287261 0.37379727 1.11136711 66 72 27 0.000000 1.000000 0.000000 -0.430666 0.778448 -0.456668
0.38030055 0.37146452 1.11135197 66 72 28 0.000000 1.000000 0.000000 -0.511603 -0.057155 -0.857319
0.38028911 0.36744368 1.10837901 68 71 24 0.000000 1.000000 0.000000 0.013886 -0.339581 0.940474
0.37746686 0.36681736 1.10514665 64 70 24 0.000000 1.000000 0.000000 -0.437036 -0.875554 -0.205925
0.38627025 0.37796286 1.12311840 72 77 37 0.000000 1.000000 0.000000 -0.402188 0.852514 -0.333863
0.37678251 0.37484673 1.12453508 66 73 35 0.000000 1.000000 0.000000 -0.733998 0.598491 -0.321023
0.37998176 0.37516537 1.12018585 63 70 28 0.000000 1.000000 0.000000 -0.501727 0.817456 -0.282905
0.37942237 0.37521231 1.11748600 63 69 28 0.000000 1.000000 0.000000 -0.524893 0.840705 0.133051
0.37660304 0.37171993 1.12095284 66 73 29 0.000000 1.000000 0.000000 -0.954984 -0.092250 -0.281948
0.37095529 0.36560443 1.12219429 66 75 28 0.000000 1.000000 0.000000 -0.717319 0.691022 -0.089117
0.37662160 0.37160030 1.11813033 63 69 28 0.000000 1.000000 0.000000 -0.989105 0.129014 0.070899
0.38768381 0.36878887 1.11095572 63 71 24 0.000000 1.000000 0.000000 -0.108671 -0.887714 -0.447385
0.38703626 0.36864030 1.10810578 66 72 26 0.000000 1.000000 0.000000 -0.054270 0.519048 0.853020
0.37785286 0.37657315 1.12918997 70 79 43 0.000000 1.000000 0.000000 -0.596028 0.729201 -0.336179
0.37498030 0.37335783 1.12616408 63 69 31 0.000000 1.000000 0.000000 -0.756194 0.400146 -0.517740
0.36693841 0.37021792 1.12995780 61 67 31 0.000000 1.000000 0.000000 -0.630351 0.453117 -0.630351
0.37210959 0.36993882 1.12705457 58 64 26 0.000000 1.000000 0.000000 -0.580443 -0.287836 -0.761732
0.36971527 0.36482659 1.12690353 55 67 25 0.000000 1.000000 0.000000 -0.368685 0.921022 -0.125657
0.37464771 0.37027472 1.12375605 62 69 27 0.000000 2.000000 0.000000 -0.775903 0.401778 -0.486363
0.38356194 0.37674683 1.11898947 67 73 30 0.000000 1.000000 0.000000 -0.349140 0.930587 -0.110040
0.39137828 0.37885737 1.11301684 71 74 35 0.000000 1.000000 0.000000 -0.393922 0.887439 -0.239326
0.37726244 0.37289527 1.11743641 63 68 28 0.000000 2.000000 0.000000 -0.822480 0.568780 0.004092
0.37730220 0.36781213 1.11558902 67 73 27 0.000000 1.000000 0.000000 -0.642876 -0.348429 -0.682135
0.36457664 0.37027296 1.13355649 65 76 36 0.000000 1.000000 0.000000 -0.400125 -0.308142 -0.863104
0.37772104 0.37378034 1.12035096 67 76 31 0.000000 1.000000 0.000000 -0.634012 0.750683 -0.185752
0.37399259 0.36420095 1.12109649 64 73 26 0.000000 1.000000 0.000000 -0.608435 -0.618548 -0.497198
0.37687290 0.36474556 1.11800981 62 71 24 0.000000 1.000000 0.000000 -0.703746 -0.162637 -0.691586
0.38008061 0.36733815 1.11480212 65 73 23 0.000000 1.000000 0.000000 -0.335384 -0.594618 -0.730716
0.38811955 0.37583005 1.11042953 65 70 29 0.000000 1.000000 0.000000 -0.415964 0.738212 -0.531052
0.37702700 0.37276244 1.11455214 64 69 28 0.000000 1.000000 0.000000 -0.753498 0.531208 -0.387373
0.37715021 0.36980644 1.11467826 64 70 26 0.000000 1.000000 0.000000 -0.850656 -0.452150 -0.268225
0.38481537 0.36927104 1.10767603 68 71 23 0.000000 1.000000 0.000000 0.052459 0.305795 0.950651
0.38878006 0.38030386 1.12338758 70 74 39 0.000000 1.000000 0.000000 -0.589880 0.364385 -0.720601
0.37398174 0.37123471 1.12517953 56 63 25 0.000000 2.000000 0.000000 -0.710751 0.351291 -0.609449
0.37693545 0.37381408 1.12190998 64 71 29 0.000000 2.000000 0.000000 -0.742667 0.619677 -0.253863
0.39384347 0.38012531 1.11425364 72 76 36 0.000000 1.000000 0.000000 -0.459639 0.877493 0.136883
0.37671620 0.36867151 1.11892259 65 71 27 0.000000 2.000000 0.000000 -0.971560 0.008324 0.236647
0.38466695 0.37696794 1.11439991 65 69 30 0.000000 1.000000 0.000000 -0.346055 0.906753 -0.240925
0.37691599 0.36800015 1.11602747 60 68 24 0.000000 1.000000 0.000000 -0.749275 -0.209425 -0.628274
0.38722214 0.37822768 1.11970317 68 73 34 0.000000 1.000000 0.000000 -0.300351 0.941824 -0.150855
0.37383178 0.37401426 1.12963593 65 76 36 0.000000 1.000000 0.000000 -0.335079 0.923235 0.188040
0.37385252 0.37318286 1.12751114 63 69 31 0.000000 1.000000 0.000000 -0.678550 0.514358 -0.524410
0.36806616 0.37039289 1.12861073 57 63 27 0.000000 1.000000 0.000000 -0.586349 0.357689 -0.726811
0.37366754 0.36952904 1.12461865 60 70 27 0.000000 2.000000 0.000000 -0.722896 0.490240 -0.486916
0.39041871 0.37877730 1.11642420 70 76 32 0.000000 1.000000 0.000000 -0.277419 0.951720 0.131409
0.37634417 0.37264943 1.12126362 63 71 28 0.000000 2.000000 0.000000 -0.897482 0.364003 -0.249055
0.37588206 0.36953664 1.11828578 63 69 26 0.000000 2.000000 0.000000 -0.948307 0.316937 0.016285
0.37571985 0.36583665 1.11863565 63 71 26 0.000000 1.000000 0.000000 -0.791945 -0.323470 -0.517871
0.38116989 0.37553576 1.11466813 61 65 29 0.000000 2.000000 0.000000 -0.496033 0.728289 -0.472807
0.39016670 0.37954929 1.12172973 72 76 39 0.000000 1.000000 0.000000 -0.533115 0.654201 -0.536479
0.37385252 0.37318286 1.12751114 62 68 30 0.000000 1.000000 0.000000 -0.678550 0.514358 -0.524410
0.36806616 0.37039289 1.12861073 57 63 27 0.000000 1.000000 0.000000 -0.586349 0.357689 -0.726811
0.37362039 0.36718991 1.12198687 66 74 27 0.000000 1.000000 0.000000 -0.571877 0.813433 0.106226
0.37112615 0.36546835 1.12318420 61 72 23 0.000000 1.000000 0.000000 -0.483732 0.441098 0.755934
0.37688550 0.37071699 1.11889768 65 70 29 0.000000 1.000000 0.000000 -0.960951 0.150763 0.232044
0.37654650 0.37075818 1.11584747 64 70 27 0.000000 1.000000 0.000000 -0.991025 -0.039551 -0.127692
0.37613666 0.37350556 1.12415075 65 71 31 0.000000 2.000000 0.000000 -0.884370 0.338983 -0.320904
0.38338909 0.36899874 1.11137962 66 72 26 0.000000 1.000000 0.000000 -0.233711 -0.806379 -0.543261
0.38155541 0.37636393 1.12066722 67 74 34 0.000000 1.000000 0.000000 -0.398172 0.844749 -0.357574
0.37649882 0.37042418 1.12110412 64 71 27 0.000000 2.000000 0.000000 -0.881968 -0.182829 -0.434402
0.38116989 0.37553576 1.11466813 61 65 29 0.000000 2.000000 0.000000 -0.496033 0.728289 -0.472807
0.37571985 0.36583665 1.11863565 63 71 26 0.000000 1.000000 0.000000 -0.791945 -0.323470 -0.517871
0.37383178 0.37401426 1.12963593 65 76 36 0.000000 1.000000 0.000000 -0.335079 0.923235 0.188040
0.39016670 0.37954929 1.12172973 72 76 39 0.000000 1.000000 0.000000 -0.533115 0.654201 -0.536479
0.39233905 0.37974992 1.11996365 72 76 40 0.000000 1.000000 0.000000 -0.537889 0.719943 -0.438586
0.38155541 0.37636393 1.12066722 67 74 34 0.000000 1.000000 0.000000 -0.398172 0.844749 -0.357574
0.37565473 0.36757284 1.12462962 61 70 27 0.000000 1.000000 0.000000 -0.919404 -0.376308 -0.114409
0.37813675 0.36991382 1.12057829 65 72 28 0.000000 1.000000 0.000000 -0.999156 0.015435 0.038073
0.37027314 0.36447522 1.12246823 65 74 27 0.000000 1.000000 0.000000 -0.728530 -0.664650 0.165782
0.37744647 0.37310150 1.11774445 65 70 29 0.000000 1.000000 0.000000 -0.827194 0.561162 -0.029097
0.37693614 0.37279791 1.11547244 63 68 27 0.000000 1.000000 0.000000 -0.898255 0.439235 0.014509
0.37730220 0.36781213 1.11558902 67 73 27 0.000000 1.000000 0.000000 -0.642876 -0.348429 -0.682135
0.38008061 0.36733815 1.11480212 65 73 24 0.000000 1.000000 0.000000 -0.335384 -0.594618 -0.730716
0.38014400 0.36928049 1.11246288 64 70 24 0.000000 1.000000 0.000000 -0.330437 -0.665757 -0.669013
0.37256664 0.37300542 1.12895441 65 72 32 0.000000 1.000000 0.000000 -0.547087 0.680931 -0.486857
0.36693841 0.37021792 1.12995780 61 67 31 0.000000 1.000000 0.000000 -0.630351 0.453117 -0.630351
0.37489212 0.37316233 1.12601399 63 70 31 0.000000 2.000000 0.000000 -0.754071 0.407296 -0.515254
0.37486526 0.36951101 1.12302530 59 70 27 0.000000 2.000000 0.000000 -0.729906 0.367402 -0.576414
0.38022304 0.37531716 1.11916161 65 74 31 0.000000 2.000000 0.000000 -0.456172 0.889867 -0.006611
0.38905552 0.37846950 1.11488700 70 75 35 0.000000 1.000000 0.000000 -0.315402 0.948718 -0.021362
0.37702617 0.37278968 1.11953890 63 71 27 0.000000 2.000000 0.000000 -0.876355 0.447719 -0.177620
0.37720287 0.37267256 1.11662018 60 65 24 0.000000 2.000000 0.000000 -0.870511 0.488538 0.059510
0.37419567 0.36725432 1.12293446 63 73 24 0.000000 1.000000 0.000000 -0.563721 0.587421 0.580650
0.37457287 0.36431155 1.12312233 61 74 26 0.000000 1.000000 0.000000 -0.309303 0.303384 0.901271
0.37399259 0.36420095 1.12109649 64 73 26 0.000000 1.000000 0.000000 -0.608435 -0.618548 -0.497198
0.37471941 0.36640316 1.11985505 67 75 28 0.000000 1.000000 0.000000 -0.596024 0.471783 -0.649751
0.37795445 0.36602902 1.11661541 65 74 24 0.000000 1.000000 0.000000 -0.468722 -0.811923 -0.347967
0.37753484 0.37179995 1.11322486 65 71 27 0.000000 1.000000 0.000000 -0.669816 0.358655 -0.650164
0.38587001 0.36938909 1.10941339 64 73 26 0.000000 1.000000 0.000000 -0.358501 -0.636789 -0.682625
0.37911248 0.36612225 1.10462868 64 70 26 0.000000 1.000000 0.000000 -0.450565 -0.866701 -0.214056
0.37362039 0.36718991 1.12198687 66 74 27 0.000000 1.000000 0.000000 -0.568492 0.817298 0.094025
0.37027314 0.36447522 1.12246823 65 74 26 0.000000 1.000000 0.000000 -0.728530 -0.664650 0.165782
0.37571883 0.37445983 1.12954462 71 79 42 0.000000 2.000000 0.000000 -0.351661 0.910265 -0.218522
0.38363123 0.37757003 1.12518084 71 76 40 0.000000 1.000000 0.000000 -0.498860 0.569405 -0.653389
0.37494680 0.37432778 1.12720287 66 72 35 0.000000 1.000000 0.000000 -0.726930 0.505042 -0.465301
0.39450374 0.38013530 1.11818969 71 76 37 0.000000 1.000000 0.000000 -0.405803 0.884443 -0.230401
0.37710142 0.37462077 1.12327254 63 69 31 0.000000 1.000000 0.000000 -0.763312 0.557619 -0.326215
0.39472726 0.38037944 1.11500120 71 77 35 0.000000 1.000000 0.000000 -0.286920 0.938380 0.192666
0.38345602 0.37664369 1.11667514 66 73 31 0.000000 1.000000 0.000000 -0.320840 0.944187 0.074644
0.37911248 0.36612225 1.10462868 64 70 26 0.000000 1.000000 0.000000 -0.450565 -0.866701 -0.214056
0.37780923 0.37397581 1.12050104 68 77 32 0.000000 1.000000 0.000000 -0.614870 0.767444 -0.181562
0.37687290 0.36474556 1.11800981 62 71 24 0.000000 1.000000 0.000000 -0.703746 -0.162637 -0.691586
0.38008061 0.36733815 1.11480212 65 73 24 0.000000 1.000000 0.000000 -0.335384 -0.594618 -0.730716
0.37685773 0.37071696 1.11457705 65 71 27 0.000000 1.000000 0.000000 -0.981499 -0.118562 -0.150342
0.38287261 0.37379727 1.11136711 66 72 28 0.000000 1.000000 0.000000 -0.430666 0.778448 -0.456668
0.37898061 0.37674809 1.12784278 70 79 43 0.000000 1.000000 0.000000 -0.576024 0.559132 -0.596295
0.37256664 0.37300542 1.12895441 65 72 32 0.000000 1.000000 0.000000 -0.547087 0.680931 -0.486857
0.37573445 0.37259331 1.12489069 61 68 30 0.000000 2.000000 0.000000 -0.794472 0.381927 -0.472171
0.37699986 0.37558001 1.12847400 66 76 40 0.000000 1.000000 0.000000 -0.543663 0.797477 -0.261648
0.38827679 0.37834576 1.12144053 70 75 38 0.000000 1.000000 0.000000 -0.327768 0.937442 -0.117349
0.37436038 0.37222040 1.12618387 61 69 30 0.000000 2.000000 0.000000 -0.629562 0.578927 -0.518165
0.37078992 0.36875346 1.12663496 59 67 27 0.000000 1.000000 0.000000 -0.496033 0.728289 -0.472807
0.37659800 0.37167373 1.11987460 64 70 28 0.000000 2.000000 0.000000 -0.972604 -0.096384 -0.211545
0.37656310 0.36871523 1.12009692 64 71 27 0.000000 2.000000 0.000000 -0.869433 0.482386 -0.106723
0.37900522 0.37515038 1.11644208 63 67 29 0.000000 2.000000 0.000000 -0.588563 0.782190 -0.204384
0.37659362 0.36599839 1.11722672 61 70 25 0.000000 1.000000 0.000000 -0.791945 -0.323470 -0.517871
0.38787621 0.37737900 1.11220694 66 71 31 0.000000 1.000000 0.000000 -0.345790 0.917836 -0.194951
0.35730574 0.36992753 1.13690925 70 78 41 0.000000 1.000000 0.000000 -0.491380 0.347327 -0.798692
0.37376750 0.36613837 1.12327027 65 76 27 0.000000 1.000000 0.000000 -0.271991 0.283504 0.919590
0.37111843 0.36565313 1.12317634 60 73 23 0.000000 1.000000 0.000000 -0.443278 0.552852 0.705592
0.37667114 0.37173063 1.11679018 63 68 27 0.000000 1.000000 0.000000 -0.955847 0.290910 -0.041559
0.39047438 0.37131953 1.10670412 67 70 25 0.000000 1.000000 0.000000 -0.703342 -0.547044 -0.453930
0.38766721 0.37083179 1.10670626 66 72 26 0.000000 1.000000 0.000000 0.052413 0.154911 0.986537
0.38060004 0.36542460 1.10420692 64 70 26 0.000000 1.000000 0.000000 -0.470701 -0.855684 -0.215049
0.36704230 0.37202176 1.13302529 62 73 33 0.000000 1.000000 0.000000 -0.378007 0.842282 -0.384281
0.37582058 0.37448952 1.12579393 66 73 35 0.000000 1.000000 0.000000 -0.764098 0.489219 -0.420499
0.38722214 0.37822768 1.11970317 67 73 35 0.000000 1.000000 0.000000 -0.300351 0.941824 -0.150855
0.37582245 0.37179986 1.12358999 62 69 28 0.000000 2.000000 0.000000 -0.858443 0.385139 -0.338737
0.37561122 0.36845040 1.12351203 63 72 28 0.000000 1.000000 0.000000 -0.931666 -0.203145 -0.301215
0.37782121 0.36889264 1.11433303 63 69 24 0.000000 1.000000 0.000000 -0.636350 -0.562081 -0.528322
0.38030055 0.37146452 1.11135197 66 71 28 0.000000 1.000000 0.000000 -0.511603 -0.057155 -0.857319
0.38835436 0.37200719 1.10751057 67 71 26 0.000000 1.000000 0.000000 -0.419692 -0.531610 -0.735696
0.38905552 0.37846950 1.11488700 70 76 35 0.000000 1.000000 0.000000 -0.315402 0.948718 -0.021362
0.37699986 0.37558001 1.12847400 66 76 40 0.000000 1.000000 0.000000 -0.543663 0.797477 -0.261648
0.37691486 0.37563440 1.12548566 68 74 36 0.000000 1.000000 0.000000 -0.567706 0.776445 -0.273574
0.37450311 0.37259239 1.12607193 62 69 30 0.000000 2.000000 0.000000 -0.676751 0.522257 -0.518898
0.39115208 0.37884417 1.11727571 70 77 35 0.000000 1.000000 0.000000 -0.315478 0.946435 -0.068808
0.37997672 0.37511918 1.11910760 65 72 30 0.000000 1.000000 0.000000 -0.442421 0.896729 0.011886
0.37680581 0.37279546 1.11988914 63 71 27 0.000000 2.000000 0.000000 -0.882563 0.406306 -0.236640
0.37900522 0.37515038 1.11644208 63 67 29 0.000000 2.000000 0.000000 -0.581702 0.787370 -0.204133
0.37631652 0.36653939 1.11714137 63 71 25 0.000000 2.000000 0.000000 -0.813566 -0.471012 -0.340968
0.35730574 0.36992753 1.13690925 70 78 41 0.000000 1.000000 0.000000 -0.491380 0.347327 -0.798692
0.37404525 0.36706710 1.12303853 63 73 25 0.000000 1.000000 0.000000 -0.526889 0.553823 0.644724
0.37457287 0.36431155 1.12312233 61 74 26 0.000000 1.000000 0.000000 -0.309303 0.303384 0.901271
0.37684083 0.36964396 1.11986518 66 71 30 0.000000 1.000000 0.000000 -0.912121 0.274946 0.304040
0.37675583 0.36969835 1.11687684 64 70 26 0.000000 1.000000 0.000000 -0.963008 -0.003625 -0.269449
0.39015701 0.36936396 1.10898149 65 73 26 0.000000 1.000000 0.000000 -0.060464 -0.971132 -0.230752
0.38114083 0.37259620 1.11098182 64 71 29 0.000000 1.000000 0.000000 -0.520158 0.334502 -0.785839
0.37565473 0.36757284 1.12462962 60 70 27 0.000000 1.000000 0.000000 -0.919404 -0.376308 -0.114409
0.38024393 0.37547469 1.11848748 68 76 30 0.000000 1.000000 0.000000 -0.467664 0.881525 0.064838
0.37471941 0.36640316 1.11985505 67 75 28 0.000000 1.000000 0.000000 -0.596024 0.471783 -0.649751
0.38063329 0.37553653 1.11521077 65 70 29 0.000000 1.000000 0.000000 -0.509574 0.818123 -0.266474
0.37795445 0.36602902 1.11661541 65 74 24 0.000000 1.000000 0.000000 -0.468722 -0.811923 -0.347967
0.37753484 0.37179995 1.11322486 65 71 27 0.000000 1.000000 0.000000 -0.669816 0.358655 -0.650164
0.38014400 0.36928049 1.11246288 63 69 23 0.000000 1.000000 0.000000 -0.330437 -0.665757 -0.669013
0.38587001 0.36938909 1.10941339 65 73 26 0.000000 1.000000 0.000000 -0.358501 -0.636789 -0.682625
0.37911248 0.36612225 1.10462868 64 70 25 0.000000 1.000000 0.000000 -0.450565 -0.866701 -0.214056
0.37228388 0.37203050 1.12810791 61 67 30 0.000000 1.000000 0.000000 -0.484933 0.754523 -0.442193
0.37699986 0.37558001 1.12847400 66 76 40 0.000000 1.000000 0.000000 -0.543663 0.797477 -0.261648
0.38818091 0.37833503 1.12128270 69 75 37 0.000000 1.000000 0.000000 -0.323504 0.941223 -0.097184
0.37676442 0.37544718 1.12558961 67 73 35 0.000000 1.000000 0.000000 -0.594986 0.751309 -0.285529
0.37404415 0.37221542 1.12637615 60 68 30 0.000000 1.000000 0.000000 -0.596329 0.609843 -0.521999
0.37078992 0.36875346 1.12663496 58 67 27 0.000000 1.000000 0.000000 -0.496033 0.728289 -0.472807
0.37599379 0.37214464 1.12281191 64 72 29 0.000000 2.000000 0.000000 -0.922269 0.301704 -0.241649
0.37646723 0.36870450 1.11993897 64 71 27 0.000000 2.000000 0.000000 -0.888777 0.451991 -0.076023
0.37860852 0.37476519 1.11649227 63 67 28 0.000000 2.000000 0.000000 -0.680660 0.719726 -0.136733
0.37591556 0.36856669 1.11724699 65 71 27 0.000000 2.000000 0.000000 -0.955744 -0.044073 -0.290879
0.35730574 0.36992753 1.13690925 70 78 41 0.000000 1.000000 0.000000 -0.491380 0.347327 -0.798692
0.37641656 0.36662361 1.12336421 63 72 26 0.000000 1.000000 0.000000 -0.365225 -0.352897 0.861438
0.37376750 0.36613837 1.12327027 65 77 27 0.000000 1.000000 0.000000 -0.271991 0.283504 0.919590
0.37782121 0.36889264 1.11433303 64 70 24 0.000000 1.000000 0.000000 -0.636350 -0.562081 -0.528322
0.38060004 0.36542460 1.10420692 64 70 26 0.000000 1.000000 0.000000 -0.470701 -0.855684 -0.215049
0.39233905 0.37974992 1.11996365 72 76 40 0.000000 1.000000 0.000000 -0.537889 0.719943 -0.438586
0.39521939 0.38029456 1.11687696 72 74 37 0.000000 1.000000 0.000000 -0.340783 0.924182 -0.172495
0.37749031 0.37420177 1.12176371 64 70 30 0.000000 2.000000 0.000000 -0.664309 0.670806 -0.329718
0.37707412 0.36800262 1.11593139 63 69 25 0.000000 2.000000 0.000000 -0.708896 -0.261673 -0.654976
0.38627025 0.37796286 1.12311840 72 77 37 0.000000 1.000000 0.000000 -0.402188 0.852514 -0.333863
0.37662441 0.37484422 1.12463129 66 73 35 0.000000 1.000000 0.000000 -0.752082 0.567700 -0.334798
0.39384347 0.38012531 1.11425364 72 77 36 0.000000 1.000000 0.000000 -0.459639 0.877493 0.136883
0.37671620 0.36867151 1.11892259 65 71 27 0.000000 2.000000 0.000000 -0.975079 0.032383 0.219483
0.38787621 0.37737900 1.11220694 66 71 31 0.000000 1.000000 0.000000 -0.345790 0.917836 -0.194951
0.37656125 0.36891893 1.11618042 61 68 25 0.000000 1.000000 0.000000 -0.773274 -0.145646 -0.617118
0.37898061 0.37674809 1.12784278 70 79 43 0.000000 1.000000 0.000000 -0.576024 0.559132 -0.596295
0.36531049 0.37082070 1.13264000 63 70 34 0.000000 1.000000 0.000000 -0.416632 0.799483 -0.432718
0.38878006 0.38030386 1.12338758 71 75 40 0.000000 1.000000 0.000000 -0.589880 0.364385 -0.720601
0.37385252 0.37318286 1.12751114 62 69 31 0.000000 1.000000 0.000000 -0.678550 0.514358 -0.524410
0.36806616 0.37039289 1.12861073 56 62 27 0.000000 1.000000 0.000000 -0.586349 0.357689 -0.726811
0.37585405 0.37351957 1.12475514 61 70 30 0.000000 1.000000 0.000000 -0.854040 0.327046 -0.404545
0.37385443 0.37049323 1.12530720 56 63 24 0.000000 2.000000 0.000000 -0.755249 0.365443 -0.544104
0.38155541 0.37636393 1.12066722 67 74 34 0.000000 1.000000 0.000000 -0.398172 0.844749 -0.357574
0.37577549 0.37044969 1.12240899 65 72 28 0.000000 2.000000 0.000000 -0.839208 0.078099 -0.538173
0.39313084 0.37922701 1.11127734 69 73 35 0.000000 1.000000 0.000000 -0.466245 0.859030 -0.211384
0.39016670 0.37954929 1.12172973 72 76 39 0.000000 1.000000 0.000000 -0.533115 0.654201 -0.536479
0.37835383 0.37576815 1.12286806 67 73 35 0.000000 1.000000 0.000000 -0.480266 0.835447 -0.267158
0.38963076 0.37853390 1.11583471 69 75 34 0.000000 1.000000 0.000000 -0.289457 0.948406 0.129389
0.38116989 0.37553576 1.11466813 61 64 28 0.000000 1.000000 0.000000 -0.499351 0.721653 -0.479443
0.36457664 0.37027296 1.13355649 65 76 36 0.000000 1.000000 0.000000 -0.400125 -0.308142 -0.863104
0.38056520 0.37552586 1.11937344 67 78 31 0.000000 1.000000 0.000000 -0.506294 0.858866 -0.077566
0.37813675 0.36991382 1.12057829 65 72 27 0.000000 1.000000 0.000000 -0.999156 0.015435 0.038073
0.37702700 0.37276244 1.11455214 63 68 27 0.000000 1.000000 0.000000 -0.753498 0.531208 -0.387373
0.37765539 0.36907488 1.11442125 64 70 24 0.000000 1.000000 0.000000 -0.700979 -0.541136 -0.464544
0.38338909 0.36899874 1.11137962 66 72 26 0.000000 1.000000 0.000000 -0.233711 -0.806379 -0.543261
0.38835436 0.37200719 1.10751057 67 71 26 0.000000 1.000000 0.000000 -0.419692 -0.531610 -0.735696
0.37445611 0.37124220 1.12489104 60 66 28 0.000000 1.000000 0.000000 -0.729059 0.448016 -0.517450
0.37685269 0.37067077 1.11349881 65 71 27 0.000000 1.000000 0.000000 -0.873815 -0.127700 -0.469191
0.37383178 0.37401426 1.12963593 65 76 36 0.000000 1.000000 0.000000 -0.335079 0.923235 0.188040
0.37940529 0.36718956 1.10763156 68 71 24 0.000000 1.000000 0.000000 -0.228064 -0.859392 0.457638
0.37304887 0.36423221 1.12275159 61 73 25 0.000000 1.000000 0.000000 -0.450831 -0.130240 0.883057
0.37065664 0.36451817 1.12310004 62 71 24 0.000000 1.000000 0.000000 -0.647190 -0.282846 0.707914
0.37543660 0.36438090 1.11955714 63 74 26 0.000000 1.000000 0.000000 -0.716443 -0.169563 -0.676726
0.38063329 0.37553653 1.11521077 65 70 30 0.000000 1.000000 0.000000 -0.509574 0.818123 -0.266474
0.38996798 0.37621045 1.10884786 67 72 28 0.000000 1.000000 0.000000 -0.378277 0.896384 -0.231088
0.37776998 0.36995494 1.11320758 64 71 27 0.000000 1.000000 0.000000 -0.550231 -0.509847 -0.661287
0.37691486 0.37563440 1.12548566 68 74 36 0.000000 1.000000 0.000000 -0.567706 0.776445 -0.273574
0.37395799 0.37031922 1.12547302 55 63 24 0.000000 1.000000 0.000000 -0.751782 0.398002 -0.525756
0.39115208 0.37884417 1.11727571 70 77 35 0.000000 1.000000 0.000000 -0.315478 0.946435 -0.068808
0.37597841 0.37251413 1.12279618 62 71 29 0.000000 2.000000 0.000000 -0.906961 0.402315 -0.124760
0.38963076 0.37853390 1.11583471 69 75 34 0.000000 1.000000 0.000000 -0.289457 0.948406 0.129389
0.35730574 0.36992753 1.13690925 70 78 40 0.000000 1.000000 0.000000 -0.491380 0.347327 -0.798692
0.37641656 0.36662361 1.12336421 62 71 26 0.000000 1.000000 0.000000 -0.365225 -0.352897 0.861438
0.37797162 0.36907989 1.11422896 64 70 24 0.000000 1.000000 0.000000 -0.623700 -0.556090 -0.549329
0.39015701 0.36936396 1.10898149 65 72 25 0.000000 1.000000 0.000000 -0.060464 -0.971132 -0.230752
0.38060004 0.36542460 1.10420692 64 70 25 0.000000 1.000000 0.000000 -0.470701 -0.855684 -0.215049
0.37473115 0.37240186 1.12572956 64 72 31 0.000000 1.000000 0.000000 -0.735174 0.464233 -0.493971
0.37111843 0.36565313 1.12317634 61 73 23 0.000000 1.000000 0.000000 -0.443278 0.552852 0.705592
0.37684700 0.37164074 1.11885822 64 71 29 0.000000 1.000000 0.000000 -0.996756 0.048807 0.063992
0.38060004 0.36542460 1.10420692 64 70 26 0.000000 1.000000 0.000000 -0.470701 -0.855684 -0.215049
0.37699986 0.37558001 1.12847400 66 75 39 0.000000 1.000000 0.000000 -0.543663 0.797477 -0.261648
0.38363123 0.37757003 1.12518084 71 76 40 0.000000 1.000000 0.000000 -0.498860 0.569405 -0.653389
0.38827679 0.37834576 1.12144053 70 75 38 0.000000 1.000000 0.000000 -0.327768 0.937442 -0.117349
0.37404415 0.37221542 1.12637615 61 68 30 0.000000 1.000000 0.000000 -0.596329 0.609843 -0.521999
0.37078992 0.36875346 1.12663496 59 66 26 0.000000 1.000000 0.000000 -0.496033 0.728289 -0.472807
0.37710142 0.37462077 1.12327254 63 69 31 0.000000 1.000000 0.000000 -0.763312 0.557619 -0.326215
0.37396556 0.36914554 1.12402999 64 71 29 0.000000 2.000000 0.000000 -0.751616 -0.052770 -0.657486
0.37998176 0.37516537 1.12018585 63 70 27 0.000000 1.000000 0.000000 -0.501727 0.817456 -0.282905
0.37656939 0.37170094 1.12054074 63 71 28 0.000000 2.000000 0.000000 -0.956407 -0.013540 -0.291723
0.37923062 0.37519082 1.11717010 63 68 28 0.000000 2.000000 0.000000 -0.618785 0.783795 0.052632
0.37659362 0.36599839 1.11722672 62 70 25 0.000000 1.000000 0.000000 -0.791945 -0.323470 -0.517871
0.37641656 0.36662361 1.12336421 63 72 26 0.000000 1.000000 0.000000 -0.365225 -0.352897 0.861438
0.37656310 0.36871523 1.12009692 65 72 28 0.000000 1.000000 0.000000 -0.867404 0.483166 -0.118999
0.37095529 0.36560443 1.12219429 66 75 28 0.000000 1.000000 0.000000 -0.717319 0.691022 -0.089117
0.37658799 0.37158132 1.11771822 64 69 27 0.000000 1.000000 0.000000 -0.981700 0.174658 0.075886
0.38768381 0.36878887 1.11095572 64 72 25 0.000000 1.000000 0.000000 -0.108671 -0.887714 -0.447385
0.39047438 0.37131953 1.10670412 67 70 25 0.000000 1.000000 0.000000 -0.703342 -0.547044 -0.453930
0.38703626 0.36864030 1.10810578 66 72 26 0.000000 1.000000 0.000000 -0.054270 0.519048 0.853020
0.38422906 0.36815256 1.10810792 68 71 24 0.000000 1.000000 0.000000 -0.017802 0.224304 0.974357
0.37880155 0.36814129 1.10880089 67 70 22 0.000000 1.000000 0.000000 0.025554 -0.251894 0.967417
0.36704230 0.37202176 1.13302529 62 73 33 0.000000 1.000000 0.000000 -0.378007 0.842282 -0.384281
0.38363123 0.37757003 1.12518084 71 76 40 0.000000 1.000000 0.000000 -0.498860 0.569405 -0.653389
0.37710142 0.37462077 1.12327254 63 68 30 0.000000 1.000000 0.000000 -0.763312 0.557619 -0.326215
0.37998176 0.37516537 1.12018585 63 70 28 0.000000 2.000000 0.000000 -0.497468 0.826013 -0.265006
0.37681922 0.37164071 1.11453760 65 70 29 0.000000 1.000000 0.000000 -0.972434 0.133123 -0.191444
0.37880155 0.36814129 1.10880089 66 70 22 0.000000 1.000000 0.000000 0.025554 -0.251894 0.967417
0.37785286 0.37657315 1.12918997 71 79 43 0.000000 1.000000 0.000000 -0.596028 0.729201 -0.336179
0.37424925 0.37356809 1.12746096 64 70 32 0.000000 1.000000 0.000000 -0.694494 0.513758 -0.503717
0.37785286 0.37657315 1.12918997 70 78 42 0.000000 1.000000 0.000000 -0.593852 0.733011 -0.331716
0.37429044 0.37241337 1.12643015 61 68 30 0.000000 1.000000 0.000000 -0.626529 0.575866 -0.525204
0.37210959 0.36993882 1.12705457 58 64 27 0.000000 1.000000 0.000000 -0.580443 -0.287836 -0.761732
0.37419644 0.36971301 1.12406814 63 70 28 0.000000 2.000000 0.000000 -0.780487 0.132311 -0.611010
0.39041871 0.37877730 1.11642420 70 76 32 0.000000 1.000000 0.000000 -0.277419 0.951720 0.131409
0.37668133 0.37281194 1.12039733 62 70 28 0.000000 2.000000 0.000000 -0.856674 0.412130 -0.310255
0.37923062 0.37519082 1.11717010 63 68 28 0.000000 2.000000 0.000000 -0.625566 0.778766 0.046811
0.37669232 0.36676708 1.11776519 65 73 27 0.000000 2.000000 0.000000 -0.918880 -0.173613 -0.354284
0.35730574 0.36992753 1.13690925 69 78 40 0.000000 1.000000 0.000000 -0.491380 0.347327 -0.798692
0.37641656 0.36662361 1.12336421 63 72 26 0.000000 1.000000 0.000000 -0.365225 -0.352897 0.861438
0.37399259 0.36420095 1.12109649 63 72 25 0.000000 1.000000 0.000000 -0.608435 -0.618548 -0.497198
0.38811955 0.37583005 1.11042953 65 70 29 0.000000 1.000000 0.000000 -0.415964 0.738212 -0.531052
0.38768381 0.36878887 1.11095572 64 72 25 0.000000 1.000000 0.000000 -0.108671 -0.887714 -0.447385
0.38114083 0.37259620 1.11098182 63 71 29 0.000000 1.000000 0.000000 -0.520158 0.334502 -0.785839
0.38743708 0.37272301 1.10780180 65 71 27 0.000000 1.000000 0.000000 -0.452133 -0.126940 -0.882872
0.38703626 0.36864030 1.10810578 66 72 26 0.000000 1.000000 0.000000 -0.054270 0.519048 0.853020
0.38481537 0.36927104 1.10767603 68 71 23 0.000000 1.000000 0.000000 0.052459 0.305795 0.950651
0.37854728 0.36615023 1.10583746 65 69 24 0.000000 1.000000 0.000000 -0.450565 -0.866701 -0.214056
0.36806616 0.37039289 1.12861073 57 63 27 0.000000 1.000000 0.000000 -0.586349 0.357689 -0.726811
0.37210959 0.36993882 1.12705457 58 64 27 0.000000 1.000000 0.000000 -0.580443 -0.287836 -0.761732
0.37566429 0.37428334 1.12980652 67 77 39 0.000000 2.000000 0.000000 -0.298096 0.949441 0.098490
0.36794955 0.37121356 1.13057768 64 68 32 0.000000 1.000000 0.000000 -0.430160 0.767091 -0.475956
0.37228388 0.37203050 1.12810791 61 68 30 0.000000 1.000000 0.000000 -0.484933 0.754523 -0.442193
0.39233905 0.37974992 1.11996365 72 76 40 0.000000 1.000000 0.000000 -0.537889 0.719943 -0.438586
0.37567204 0.37161264 1.12369394 58 66 27 0.000000 1.000000 0.000000 -0.785120 0.464597 -0.409557
0.38374367 0.37667590 1.11714900 65 73 31 0.000000 1.000000 0.000000 -0.306927 0.947127 0.093527
0.37826586 0.37407565 1.11804831 64 71 28 0.000000 2.000000 0.000000 -0.785054 0.616930 -0.055566
0.37436509 0.37028873 1.12436044 59 67 26 0.000000 2.000000 0.000000 -0.784717 0.383460 -0.487010
0.37696406 0.37378687 1.12124383 62 70 29 0.000000 2.000000 0.000000 -0.697213 0.655540 -0.290105
0.37780923 0.37397581 1.12050104 68 77 32 0.000000 1.000000 0.000000 -0.614870 0.767444 -0.181562
0.37616369 0.36856097 1.12121725 64 73 28 0.000000 1.000000 0.000000 -0.655190 0.744737 -0.126859
0.37777641 0.37392959 1.11510229 64 69 28 0.000000 1.000000 0.000000 -0.625895 0.733644 -0.264619
0.37664923 0.37061143 1.12100005 65 71 27 0.000000 2.000000 0.000000 -0.882423 -0.291124 -0.369562
0.37494680 0.37432778 1.12720287 67 73 35 0.000000 1.000000 0.000000 -0.726930 0.505042 -0.465301
0.37730220 0.36781213 1.11558902 67 73 27 0.000000 1.000000 0.000000 -0.642876 -0.348429 -0.682135
0.38287261 0.37379727 1.11136711 66 72 28 0.000000 1.000000 0.000000 -0.430666 0.778448 -0.456668
0.37654391 0.37446401 1.12448907 65 72 34 0.000000 1.000000 0.000000 -0.789635 0.500156 -0.355416
0.37696406 0.37378687 1.12124383 62 70 29 0.000000 2.000000 0.000000 -0.688446 0.665979 -0.287254
0.37639084 0.36492285 1.11829042 61 69 24 0.000000 2.000000 0.000000 -0.692260 -0.169627 -0.701429
0.38466695 0.37696794 1.11439991 65 69 30 0.000000 1.000000 0.000000 -0.346055 0.906753 -0.240925
0.36718470 0.37041590 1.13001180 61 67 31 0.000000 1.000000 0.000000 -0.593255 0.529028 -0.606777
0.39137828 0.37885737 1.11301684 71 74 35 0.000000 1.000000 0.000000 -0.393922 0.887439 -0.239326
0.39016670 0.37954929 1.12172973 72 76 39 0.000000 1.000000 0.000000 -0.533115 0.654201 -0.536479
0.37785286 0.37657315 1.12918997 70 78 43 0.000000 1.000000 0.000000 -0.596028 0.729201 -0.336179
0.37385252 0.37318286 1.12751114 63 69 31 0.000000 1.000000 0.000000 -0.678550 0.514358 -0.524410
0.36806616 0.37039289 1.12861073 57 63 27 0.000000 1.000000 0.000000 -0.586349 0.357689 -0.726811
0.37210959 0.36993882 1.12705457 58 64 27 0.000000 1.000000 0.000000 -0.580443 -0.287836 -0.761732
0.37763050 0.37579367 1.12417293 68 75 35 0.000000 1.000000 0.000000 -0.516931 0.838709 -0.171317
0.37405655 0.37009901 1.12456059 61 69 27 0.000000 2.000000 0.000000 -0.789664 0.334766 -0.514162
0.39041871 0.37877730 1.11642420 70 76 32 0.000000 1.000000 0.000000 -0.277419 0.951720 0.131409
0.37640512 0.36970165 1.12164390 60 69 26 0.000000 2.000000 0.000000 -0.743832 0.195583 -0.639110
0.37951824 0.37522304 1.11764395 63 69 28 0.000000 1.000000 0.000000 -0.524893 0.840705 0.133051
0.37699986 0.37558001 1.12847400 66 76 40 0.000000 1.000000 0.000000 -0.543663 0.797477 -0.261648
0.38827679 0.37834576 1.12144053 70 74 38 0.000000 1.000000 0.000000 -0.327768 0.937442 -0.117349
0.37582058 0.37448952 1.12579393 66 73 35 0.000000 1.000000 0.000000 -0.764098 0.489219 -0.420499
0.37404415 0.37221542 1.12637615 61 68 29 0.000000 1.000000 0.000000 -0.596329 0.609843 -0.521999
0.37078992 0.36875346 1.12663496 59 66 27 0.000000 1.000000 0.000000 -0.496033 0.728289 -0.472807
0.38722214 0.37822768 1.11970317 68 73 35 0.000000 1.000000 0.000000 -0.300351 0.941824 -0.150855
0.37380743 0.36914304 1.12412620 63 71 29 0.000000 2.000000 0.000000 -0.764296 0.139099 -0.629685
0.37873802 0.37479490 1.11706221 64 69 28 0.000000 2.000000 0.000000 -0.722169 0.691199 -0.026747
0.37572882 0.36859140 1.11800921 65 71 28 0.000000 2.000000 0.000000 -0.958300 -0.198040 0.206014
0.37571985 0.36583665 1.11863565 62 70 25 0.000000 1.000000 0.000000 -0.791945 -0.323470 -0.517871
0.37641656 0.36662361 1.12336421 62 72 26 0.000000 1.000000 0.000000 -0.365225 -0.352897 0.861438
0.37606782 0.36855024 1.12105930 64 72 27 0.000000 1.000000 0.000000 -0.692076 0.710013 -0.130045
0.37782121 0.36889264 1.11433303 63 70 24 0.000000 1.000000 0.000000 -0.636350 -0.562081 -0.528322
0.38768381 0.36878887 1.11095572 64 72 25 0.000000 1.000000 0.000000 -0.108671 -0.887714 -0.447385
0.38030055 0.37146452 1.11135197 66 72 27 0.000000 1.000000 0.000000 -0.511603 -0.057155 -0.857319
0.38703626 0.36864030 1.10810578 66 72 26 0.000000 1.000000 0.000000 -0.054270 0.519048 0.853020
0.38422906 0.36815256 1.10810792 68 71 24 0.000000 1.000000 0.000000 -0.017802 0.224304 0.974357
0.36293098 0.37096810 1.13407445 69 77 36 0.000000 1.000000 0.000000 -0.491380 0.347327 -0.798692
0.38878006 0.38030386 1.12338758 71 75 40 0.000000 1.000000 0.000000 -0.589880 0.364385 -0.720601
0.37678820 0.36677781 1.11792314 67 75 28 0.000000 1.000000 0.000000 -0.932064 -0.141388 -0.333566
0.39040598 0.36933097 1.10796511 65 73 25 0.000000 1.000000 0.000000 -0.335089 -0.942043 0.016438
0.37854728 0.36615023 1.10583746 65 70 24 0.000000 1.000000 0.000000 -0.450565 -0.866701 -0.214056
0.37653622 0.37464875 1.12448120 66 73 35 0.000000 1.000000 0.000000 -0.783729 0.506930 -0.358874
0.37376139 0.37124047 1.12552977 52 61 23 0.000000 1.000000 0.000000 -0.679926 0.258340 -0.686266
0.37589508 0.37137592 1.12227345 65 72 28 0.000000 2.000000 0.000000 -0.929860 0.064997 -0.362128
0.39384347 0.38012531 1.11425364 72 77 36 0.000000 1.000000 0.000000 -0.459639 0.877493 0.136883
0.38428530 0.37672132 1.11768460 66 73 31 0.000000 1.000000 0.000000 -0.297652 0.952229 0.068292
0.38466695 0.37696794 1.11439991 65 69 30 0.000000 1.000000 0.000000 -0.346055 0.906753 -0.240925
0.36693841 0.37021792 1.12995780 60 67 30 0.000000 1.000000 0.000000 -0.630351 0.453117 -0.630351
0.37498030 0.37335783 1.12616408 63 69 31 0.000000 1.000000 0.000000 -0.756194 0.400146 -0.517740
0.37210959 0.36993882 1.12705457 58 64 27 0.000000 1.000000 0.000000 -0.580443 -0.287836 -0.761732
0.37835383 0.37576815 1.12286806 67 73 35 0.000000 1.000000 0.000000 -0.480266 0.835447 -0.267158
0.37464771 0.37027472 1.12375605 62 69 27 0.000000 2.000000 0.000000 -0.775903 0.401778 -0.486363
0.38003629 0.37534189 1.11992383 64 72 29 0.000000 2.000000 0.000000 -0.503343 0.838906 -0.207081
0.37757593 0.37561715 1.12443483 68 74 35 0.000000 1.000000 0.000000 -0.532374 0.823587 -0.195659
0.37402025 0.37031096 1.12521887 58 65 25 0.000000 2.000000 0.000000 -0.773940 0.391026 -0.498112
0.39115208 0.37884417 1.11727571 70 77 35 0.000000 1.000000 0.000000 -0.315478 0.946435 -0.068808
0.37628192 0.37265769 1.12151778 62 70 28 0.000000 1.000000 0.000000 -0.877857 0.438191 -0.193276
0.37669277 0.36973387 1.12211764 64 71 27 0.000000 2.000000 0.000000 -0.784534 -0.026571 -0.619516
0.37999764 0.37527671 1.11843359 65 73 31 0.000000 1.000000 0.000000 -0.425668 0.897696 0.113792
0.37679216 0.36948639 1.11621857 63 69 25 0.000000 2.000000 0.000000 -0.897246 -0.189886 -0.398615
0.37726244 0.37289527 1.11743641 64 69 28 0.000000 2.000000 0.000000 -0.832241 0.554373 -0.006810
0.37445611 0.37124220 1.12489104 60 66 28 0.000000 1.000000 0.000000 -0.729059 0.448016 -0.517450
0.37663382 0.37098092 1.12098432 66 72 28 0.000000 1.000000 0.000000 -0.908659 -0.258158 -0.328167
0.37095529 0.36560443 1.12219429 66 75 28 0.000000 1.000000 0.000000 -0.717319 0.691022 -0.089117
0.37675598 0.37068728 1.11832762 64 69 28 0.000000 1.000000 0.000000 -0.968734 0.174140 0.176720
0.37670460 0.37076065 1.11575139 65 70 26 0.000000 1.000000 0.000000 -0.988927 -0.040014 -0.142908
0.37309179 0.36898381 1.12543893 63 70 28 0.000000 1.000000 0.000000 -0.802634 -0.223382 -0.553063
0.37811542 0.37388840 1.11815238 66 73 28 0.000000 1.000000 0.000000 -0.797161 0.598948 -0.076125
0.36457664 0.37027296 1.13355649 65 76 36 0.000000 1.000000 0.000000 -0.400125 -0.308142 -0.863104
0.37399259 0.36420095 1.12109649 63 73 25 0.000000 1.000000 0.000000 -0.608435 -0.618548 -0.497198
0.38811955 0.37583005 1.11042953 65 70 29 0.000000 1.000000 0.000000 -0.415964 0.738212 -0.531052
0.37695423 0.37219745 1.11441779 64 69 28 0.000000 1.000000 0.000000 -0.892399 0.339321 -0.297466
0.37715021 0.36980644 1.11467826 64 70 26 0.000000 1.000000 0.000000 -0.833205 -0.476339 -0.280838
0.39040598 0.36933097 1.10796511 65 73 26 0.000000 1.000000 0.000000 -0.335089 -0.942043 0.016438
0.38835436 0.37200719 1.10751057 67 71 26 0.000000 1.000000 0.000000 -0.419692 -0.531610 -0.735696
0.38481537 0.36927104 1.10767603 68 71 24 0.000000 1.000000 0.000000 0.052459 0.305795 0.950651
0.37854728 0.36615023 1.10583746 65 70 24 0.000000 1.000000 0.000000 -0.450565 -0.866701 -0.214056
0.37543660 0.36438090 1.11955714 63 75 27 0.000000 1.000000 0.000000 -0.716443 -0.169563 -0.676726
0.37809768 0.37398076 1.11598814 63 68 28 0.000000 1.000000 0.000000 -0.719425 0.694569 -0.001381
0.37400392 0.36723286 1.12261856 64 74 26 0.000000 1.000000 0.000000 -0.560237 0.718888 0.411502
0.37630880 0.36672416 1.11713338 65 73 26 0.000000 1.000000 0.000000 -0.798199 -0.549248 -0.247395
0.39015701 0.36936396 1.10898149 65 73 26 0.000000 1.000000 0.000000 -0.060464 -0.971132 -0.230752
0.37362039 0.36718991 1.12198687 66 74 27 0.000000 1.000000 0.000000 -0.556773 0.818085 0.144019
0.37675598 0.37068728 1.11832762 65 70 29 0.000000 1.000000 0.000000 -0.962066 0.175041 0.209259
0.37659928 0.36751434 1.11798775 67 73 27 0.000000 1.000000 0.000000 -0.974465 -0.220975 0.039848
0.38811955 0.37583005 1.11042953 65 70 29 0.000000 1.000000 0.000000 -0.415964 0.738212 -0.531052
0.37854728 0.36615023 1.10583746 64 70 23 0.000000 1.000000 0.000000 -0.450565 -0.866701 -0.214056
0.36794955 0.37121356 1.13057768 64 69 32 0.000000 1.000000 0.000000 -0.430160 0.767091 -0.475956
0.39016670 0.37954929 1.12172973 72 76 39 0.000000 1.000000 0.000000 -0.533115 0.654201 -0.536479
0.37404415 0.37221542 1.12637615 61 68 30 0.000000 1.000000 0.000000 -0.596329 0.609843 -0.521999
0.37594977 0.37254137 1.12346232 63 69 30 0.000000 2.000000 0.000000 -0.934864 0.301435 -0.187528
0.39007652 0.37856859 1.11621237 69 75 32 0.000000 1.000000 0.000000 -0.284356 0.949190 0.134836
0.37578619 0.36952588 1.11812782 62 68 25 0.000000 2.000000 0.000000 -0.944748 0.323509 -0.052844
0.38116989 0.37553576 1.11466813 61 65 29 0.000000 1.000000 0.000000 -0.499351 0.721653 -0.479443
0.35730574 0.36992753 1.13690925 70 78 41 0.000000 1.000000 0.000000 -0.491380 0.347327 -0.798692
0.37641656 0.36662361 1.12336421 62 71 26 0.000000 1.000000 0.000000 -0.365225 -0.352897 0.861438
0.37339503 0.36714947 1.12125885 66 74 27 0.000000 1.000000 0.000000 -0.600702 0.730233 -0.325448
0.38768381 0.36878887 1.11095572 64 72 25 0.000000 1.000000 0.000000 -0.108671 -0.887714 -0.447385
0.38338909 0.36899874 1.11137962 66 72 26 0.000000 1.000000 0.000000 -0.233711 -0.806379 -0.543261
0.38114083 0.37259620 1.11098182 63 71 29 0.000000 1.000000 0.000000 -0.520158 0.334502 -0.785839
0.38743708 0.37272301 1.10780180 65 71 27 0.000000 1.000000 0.000000 -0.452133 -0.126940 -0.882872
0.38703626 0.36864030 1.10810578 66 72 26 0.000000 1.000000 0.000000 -0.054270 0.519048 0.853020
0.37644804 0.37445328 1.12433112 65 72 34 0.000000 2.000000 0.000000 -0.810178 0.475920 -0.342217
0.38428530 0.37672132 1.11768460 66 73 31 0.000000 1.000000 0.000000 -0.297652 0.952229 0.068292
0.37256664 0.37300542 1.12895441 65 72 32 0.000000 1.000000 0.000000 -0.547087 0.680931 -0.486857
0.37763050 0.37579367 1.12417293 68 75 34 0.000000 1.000000 0.000000 -0.516931 0.838709 -0.171317
0.37519783 0.37259409 1.12543333 64 72 31 0.000000 2.000000 0.000000 -0.773940 0.391026 -0.498112
0.38015574 0.37527919 1.11833751 66 74 30 0.000000 2.000000 0.000000 -0.446678 0.889154 0.099417
0.37816998 0.37406492 1.11789036 64 71 28 0.000000 2.000000 0.000000 -0.785002 0.617497 -0.049684
0.37578556 0.36805615 1.11844492 64 71 27 0.000000 2.000000 0.000000 -0.953456 -0.148019 0.262701
0.37639084 0.36492285 1.11829042 60 68 24 0.000000 1.000000 0.000000 -0.691416 -0.176303 -0.700615
0.38466695 0.37696794 1.11439991 65 69 30 0.000000 1.000000 0.000000 -0.346055 0.906753 -0.240925
0.38905552 0.37846950 1.11488700 70 76 35 0.000000 1.000000 0.000000 -0.315402 0.948718 -0.021362
0.37721291 0.37276497 1.11877656 63 71 27 0.000000 2.000000 0.000000 -0.853944 0.514066 -0.080721
0.37685439 0.36947814 1.11596453 63 69 25 0.000000 2.000000 0.000000 -0.905769 -0.289200 -0.309752
0.37471941 0.36640316 1.11985505 67 75 28 0.000000 1.000000 0.000000 -0.596024 0.471783 -0.649751
0.37698519 0.37244737 1.11590016 61 67 25 0.000000 1.000000 0.000000 -0.915380 0.399897 0.046500
0.37795445 0.36602902 1.11661541 66 74 24 0.000000 1.000000 0.000000 -0.468722 -0.811923 -0.347967
0.38014400 0.36928049 1.11246288 63 69 24 0.000000 1.000000 0.000000 -0.330437 -0.665757 -0.669013
0.38587001 0.36938909 1.10941339 65 73 26 0.000000 1.000000 0.000000 -0.358501 -0.636789 -0.682625
0.37911248 0.36612225 1.10462868 64 70 26 0.000000 1.000000 0.000000 -0.450565 -0.866701 -0.214056
0.37576017 0.37429407 1.12996447 66 76 38 0.000000 2.000000 0.000000 -0.281358 0.938322 0.200970
0.37494680 0.37432778 1.12720287 67 73 35 0.000000 1.000000 0.000000 -0.726930 0.505042 -0.465301
0.37228388 0.37203050 1.12810791 61 67 30 0.000000 1.000000 0.000000 -0.484933 0.754523 -0.442193
0.37728032 0.37379184 1.12105155 63 71 29 0.000000 2.000000 0.000000 -0.673059 0.688971 -0.268905
0.38355193 0.37665445 1.11683309 66 73 31 0.000000 1.000000 0.000000 -0.312787 0.943685 0.107812
0.39233905 0.37974992 1.11996365 72 76 40 0.000000 1.000000 0.000000 -0.537889 0.719943 -0.438586
0.39521939 0.38029456 1.11687696 72 75 37 0.000000 1.000000 0.000000 -0.340783 0.924182 -0.172495
0.37781706 0.37478000 1.12195981 64 70 31 0.000000 1.000000 0.000000 -0.624340 0.680349 -0.383829
0.37575236 0.37100393 1.12238538 65 72 28 0.000000 2.000000 0.000000 -0.882204 0.111869 -0.457386
0.38428530 0.37672132 1.11768460 66 73 31 0.000000 1.000000 0.000000 -0.297652 0.952229 0.068292
0.36293098 0.37096810 1.13407445 69 77 36 0.000000 1.000000 0.000000 -0.491380 0.347327 -0.798692
0.37309179 0.36898381 1.12543893 64 71 29 0.000000 1.000000 0.000000 -0.802634 -0.223382 -0.553063
0.37799093 0.37390488 1.11866057 62 71 28 0.000000 2.000000 0.000000 -0.685225 0.723212 0.086201
0.37616369 0.36856097 1.12121725 64 73 28 0.000000 1.000000 0.000000 -0.655190 0.744737 -0.126859
0.36971527 0.36482659 1.12690353 56 67 25 0.000000 1.000000 0.000000 -0.368685 0.921022 -0.125657
0.37739807 0.36782286 1.11574697 66 72 26 0.000000 2.000000 0.000000 -0.656645 -0.334026 -0.676198
0.37024385 0.37261754 1.13082445 64 74 35 0.000000 1.000000 0.000000 -0.406026 0.873938 -0.267162
0.37309179 0.36898381 1.12543893 64 71 29 0.000000 1.000000 0.000000 -0.802634 -0.223382 -0.553063
0.37560618 0.36840421 1.12243390 63 72 27 0.000000 1.000000 0.000000 -0.752667 0.649562 0.107524
0.37515527 0.36733440 1.11952722 65 73 26 0.000000 1.000000 0.000000 -0.721084 0.404269 -0.562676
0.37543660 0.36438090 1.11955714 63 75 27 0.000000 1.000000 0.000000 -0.716443 -0.169563 -0.676726
0.37800181 0.37397003 1.11583018 63 68 28 0.000000 1.000000 0.000000 -0.699685 0.711226 -0.067805
0.37681869 0.37364581 1.12242603 65 72 30 0.000000 2.000000 0.000000 -0.816260 0.530338 -0.229045
0.39313084 0.37922701 1.11127734 69 74 35 0.000000 1.000000 0.000000 -0.466245 0.859030 -0.211384
0.37613529 0.36709118 1.11721385 64 71 26 0.000000 2.000000 0.000000 -0.903966 -0.296406 -0.308204
0.37419567 0.36725432 1.12293446 62 72 25 0.000000 1.000000 0.000000 -0.563721 0.587421 0.580650
0.37457287 0.36431155 1.12312233 62 74 26 0.000000 1.000000 0.000000 -0.294823 0.280300 0.913516
0.37075251 0.36452889 1.12325788 61 71 24 0.000000 1.000000 0.000000 -0.568081 -0.147611 0.809627
0.37697586 0.37020069 1.11974537 65 70 28 0.000000 1.000000 0.000000 -0.981185 0.123720 0.148219
0.37399259 0.36420095 1.12109649 64 73 26 0.000000 1.000000 0.000000 -0.608435 -0.618548 -0.497198
0.37647873 0.37023938 1.11679137 64 69 27 0.000000 1.000000 0.000000 -0.993783 -0.014213 -0.110420
0.38424698 0.37614805 1.11297560 67 70 27 0.000000 1.000000 0.000000 -0.446679 0.650779 -0.613974
0.38996798 0.37621045 1.10884786 67 72 28 0.000000 1.000000 0.000000 -0.378277 0.896384 -0.231088
0.38114083 0.37259620 1.11098182 64 71 29 0.000000 1.000000 0.000000 -0.520158 0.334502 -0.785839
0.38478687 0.37028718 1.10979295 66 72 28 0.000000 1.000000 0.000000 -0.387316 -0.454815 -0.801953
0.39019665 0.37039080 1.10693586 65 71 25 0.000000 1.000000 0.000000 -0.348983 0.519454 0.779986
0.37228388 0.37203050 1.12810791 62 68 31 0.000000 1.000000 0.000000 -0.487936 0.750797 -0.445221
0.37685269 0.37067077 1.11349881 65 71 26 0.000000 1.000000 0.000000 -0.873815 -0.127700 -0.469191
0.37835383 0.37576815 1.12286806 67 72 35 0.000000 1.000000 0.000000 -0.480266 0.835447 -0.267158
0.37940529 0.36718956 1.10763156 67 70 23 0.000000 1.000000 0.000000 -0.228064 -0.859392 0.457638
0.37024385 0.37261754 1.13082445 64 74 35 0.000000 1.000000 0.000000 -0.406026 0.873938 -0.267162
0.38770923 0.37809661 1.12050080 69 76 35 0.000000 1.000000 0.000000 -0.268647 0.962957 0.023307
0.37564626 0.37239784 1.12474060 61 68 29 0.000000 2.000000 0.000000 -0.787664 0.389789 -0.477127
0.37445611 0.37124220 1.12489104 60 66 28 0.000000 1.000000 0.000000 -0.729059 0.448016 -0.517450
0.38287261 0.37379727 1.11136711 66 72 28 0.000000 1.000000 0.000000 -0.430666 0.778448 -0.456668
0.37781706 0.37478000 1.12195981 63 70 30 0.000000 1.000000 0.000000 -0.624340 0.680349 -0.383829
0.38627025 0.37796286 1.12311840 72 77 36 0.000000 1.000000 0.000000 -0.402188 0.852514 -0.333863
0.37228388 0.37203050 1.12810791 62 67 31 0.000000 1.000000 0.000000 -0.484933 0.754523 -0.442193
0.37560618 0.36840421 1.12243390 62 71 26 0.000000 2.000000 0.000000 -0.755887 0.647274 0.098339
0.37898061 0.37674809 1.12784278 70 79 43 0.000000 1.000000 0.000000 -0.576024 0.559132 -0.596295
0.36693841 0.37021792 1.12995780 61 67 31 0.000000 1.000000 0.000000 -0.630351 0.453117 -0.630351
0.36971527 0.36482659 1.12690353 56 67 25 0.000000 1.000000 0.000000 -0.368685 0.921022 -0.125657
0.37835383 0.37576815 1.12286806 67 73 35 0.000000 1.000000 0.000000 -0.480266 0.835447 -0.267158
0.37554741 0.37064019 1.12275136 61 70 27 0.000000 2.000000 0.000000 -0.768336 0.315996 -0.556602
0.38356194 0.37674683 1.11898947 67 73 30 0.000000 1.000000 0.000000 -0.349140 0.930587 -0.110040
0.37840807 0.37396681 1.11970437 62 71 28 0.000000 1.000000 0.000000 -0.613176 0.787552 -0.061460
0.37729105 0.37286806 1.11677027 60 65 24 0.000000 2.000000 0.000000 -0.823898 0.562072 0.072571
0.37541333 0.37353107 1.12545562 68 77 33 0.000000 1.000000 0.000000 -0.816855 0.259838 -0.515007
0.37564972 0.36752665 1.12355149 62 71 26 0.000000 1.000000 0.000000 -0.833916 -0.004068 0.551876
0.37515527 0.36733440 1.11952722 65 72 26 0.000000 1.000000 0.000000 -0.721084 0.404269 -0.562676
0.37543660 0.36438090 1.11955714 63 75 27 0.000000 1.000000 0.000000 -0.716443 -0.169563 -0.676726
0.37770775 0.36996317 1.11346161 64 70 26 0.000000 1.000000 0.000000 -0.581945 -0.511099 -0.632549
0.37975517 0.36721352 1.10785127 68 71 24 0.000000 1.000000 0.000000 -0.162427 -0.733197 0.660333
0.38878006 0.38030386 1.12338758 71 75 40 0.000000 1.000000 0.000000 -0.589880 0.364385 -0.720601
0.38363123 0.37757003 1.12518084 71 76 40 0.000000 1.000000 0.000000 -0.498860 0.569405 -0.653389
0.39450374 0.38013530 1.11818969 71 76 37 0.000000 1.000000 0.000000 -0.405803 0.884443 -0.230401
0.37078992 0.36875346 1.12663496 59 67 27 0.000000 1.000000 0.000000 -0.496033 0.728289 -0.472807
0.37681869 0.37364581 1.12242603 64 72 30 0.000000 2.000000 0.000000 -0.813893 0.533877 -0.229244
0.39384347 0.38012531 1.11425364 72 77 36 0.000000 1.000000 0.000000 -0.459639 0.877493 0.136883
0.37704092 0.37095043 1.11987174 64 70 26 0.000000 2.000000 0.000000 -0.991846 -0.076648 -0.101816
0.37340158 0.36501414 1.12335193 64 76 29 0.000000 1.000000 0.000000 -0.054649 -0.149995 0.987175
0.37113383 0.36528361 1.12319207 61 72 23 0.000000 1.000000 0.000000 -0.503061 0.392355 0.770057
0.37646332 0.37060890 1.11677563 64 69 28 0.000000 1.000000 0.000000 -0.999527 -0.017286 0.025420
0.38424698 0.37614805 1.11297560 67 70 27 0.000000 1.000000 0.000000 -0.446679 0.650779 -0.613974
0.38478687 0.37028718 1.10979295 66 72 28 0.000000 1.000000 0.000000 -0.387316 -0.454815 -0.801953
0.39019665 0.37039080 1.10693586 65 70 25 0.000000 1.000000 0.000000 -0.405246 0.493130 0.769804
0.38766721 0.37083179 1.10670626 66 72 26 0.000000 1.000000 0.000000 0.052413 0.154911 0.986537
0.37309179 0.36898381 1.12543893 64 71 29 0.000000 1.000000 0.000000 -0.802634 -0.223382 -0.553063
0.37471941 0.36640316 1.11985505 67 75 28 0.000000 1.000000 0.000000 -0.596024 0.471783 -0.649751
0.37795445 0.36602902 1.11661541 66 74 25 0.000000 1.000000 0.000000 -0.468722 -0.811923 -0.347967
0.38059965 0.36841866 1.11354613 63 71 24 0.000000 1.000000 0.000000 -0.271527 -0.751067 -0.601806
0.37753484 0.37179995 1.11322486 65 71 27 0.000000 1.000000 0.000000 -0.669816 0.358655 -0.650164
0.37228388 0.37203050 1.12810791 62 68 31 0.000000 1.000000 0.000000 -0.484933 0.754523 -0.442193
0.38627025 0.37796286 1.12311840 72 76 37 0.000000 1.000000 0.000000 -0.402188 0.852514 -0.333863
0.37898061 0.37674809 1.12784278 70 79 43 0.000000 1.000000 0.000000 -0.576024 0.559132 -0.596295
0.39233905 0.37974992 1.11996365 72 76 40 0.000000 1.000000 0.000000 -0.537889 0.719943 -0.438586
0.37585405 0.37351957 1.12475514 62 71 31 0.000000 2.000000 0.000000 -0.847456 0.318768 -0.424506
0.38155541 0.37636393 1.12066722 66 74 33 0.000000 1.000000 0.000000 -0.398172 0.844749 -0.357574
0.37577549 0.37044969 1.12240899 65 72 28 0.000000 2.000000 0.000000 -0.831187 0.124167 -0.541951
0.37808681 0.37391561 1.11881852 62 71 28 0.000000 2.000000 0.000000 -0.662058 0.741682 0.107640
0.37488928 0.37240437 1.12563348 63 71 30 0.000000 2.000000 0.000000 -0.741628 0.457530 -0.490565
0.37781706 0.37478000 1.12195981 64 70 31 0.000000 1.000000 0.000000 -0.624340 0.680349 -0.383829
0.38787621 0.37737900 1.11220694 65 71 30 0.000000 1.000000 0.000000 -0.345790 0.917836 -0.194951
0.37704331 0.36874163 1.11589980 63 69 25 0.000000 2.000000 0.000000 -0.811984 -0.192751 -0.550935
0.37565473 0.36757284 1.12462962 61 70 27 0.000000 1.000000 0.000000 -0.919404 -0.376308 -0.114409
0.37515527 0.36733440 1.11952722 65 73 26 0.000000 1.000000 0.000000 -0.721084 0.404269 -0.562676
0.37543660 0.36438090 1.11955714 63 75 27 0.000000 1.000000 0.000000 -0.716443 -0.169563 -0.676726
0.38063329 0.37553653 1.11521077 65 69 30 0.000000 1.000000 0.000000 -0.509574 0.818123 -0.266474
0.37706566 0.37282762 1.11604238 61 66 25 0.000000 1.000000 0.000000 -0.886864 0.457869 0.061874
0.37776998 0.36995494 1.11320758 65 71 27 0.000000 1.000000 0.000000 -0.550231 -0.509847 -0.661287
0.38587001 0.36938909 1.10941339 65 73 26 0.000000 1.000000 0.000000 -0.358501 -0.636789 -0.682625
0.37564626 0.37239784 1.12474060 61 68 30 0.000000 1.000000 0.000000 -0.782966 0.393915 -0.481451
0.37998176 0.37516537 1.12018585 63 70 28 0.000000 1.000000 0.000000 -0.501727 0.817456 -0.282905
0.37751767 0.36874911 1.11561143 64 70 24 0.000000 2.000000 0.000000 -0.853657 -0.215296 -0.474254
0.38356194 0.37674683 1.11898947 67 73 30 0.000000 1.000000 0.000000 -0.349140 0.930587 -0.110040
0.37898061 0.37674809 1.12784278 70 79 43 0.000000 1.000000 0.000000 -0.576024 0.559132 -0.596295
0.36531049 0.37082070 1.13264000 63 70 34 0.000000 1.000000 0.000000 -0.416632 0.799483 -0.432718
0.38878006 0.38030386 1.12338758 71 75 40 0.000000 1.000000 0.000000 -0.589880 0.364385 -0.720601
0.37394261 0.37068871 1.12545717 54 62 23 0.000000 1.000000 0.000000 -0.724213 0.332133 -0.604321
0.37675643 0.37365407 1.12268019 68 75 33 0.000000 2.000000 0.000000 -0.836895 0.486781 -0.250301
0.39313084 0.37922701 1.11127734 69 74 35 0.000000 1.000000 0.000000 -0.466245 0.859030 -0.211384
0.37340158 0.36501414 1.12335193 65 77 28 0.000000 1.000000 0.000000 -0.054649 -0.149995 0.987175
0.37026811 0.36442903 1.12138999 64 76 28 0.000000 1.000000 0.000000 -0.777413 -0.349273 -0.523104
0.38424698 0.37614805 1.11297560 67 70 27 0.000000 1.000000 0.000000 -0.446679 0.650779 -0.613974
0.38996798 0.37621045 1.10884786 67 72 28 0.000000 1.000000 0.000000 -0.378277 0.896384 -0.231088
0.37776998 0.36995494 1.11320758 65 71 27 0.000000 1.000000 0.000000 -0.550231 -0.509847 -0.661287
0.39019665 0.37039080 1.10693586 65 71 25 0.000000 1.000000 0.000000 -0.348983 0.519454 0.779986
0.37746686 0.36681736 1.10514665 64 70 23 0.000000 1.000000 0.000000 -0.437036 -0.875554 -0.205925
0.37471941 0.36640316 1.11985505 67 75 28 0.000000 1.000000 0.000000 -0.596024 0.471783 -0.649751
0.37676197 0.37169516 1.11586988 62 68 27 0.000000 1.000000 0.000000 -0.979584 0.194960 -0.049039
0.38059965 0.36841866 1.11354613 64 72 25 0.000000 1.000000 0.000000 -0.271527 -0.751067 -0.601806
0.36704230 0.37202176 1.13302529 62 73 33 0.000000 1.000000 0.000000 -0.378007 0.842282 -0.384281
0.37582058 0.37448952 1.12579393 66 73 35 0.000000 1.000000 0.000000 -0.764098 0.489219 -0.420499
0.38770923 0.37809661 1.12050080 69 76 35 0.000000 1.000000 0.000000 -0.268647 0.962957 0.023307
0.37781706 0.37478000 1.12195981 64 70 31 0.000000 1.000000 0.000000 -0.624340 0.680349 -0.383829
0.37547401 0.36860543 1.12293422 62 71 27 0.000000 2.000000 0.000000 -0.924038 0.372050 -0.087939
0.37763050 0.37579367 1.12417293 68 75 35 0.000000 1.000000 0.000000 -0.516931 0.838709 -0.171317
0.37998176 0.37516537 1.12018585 63 70 28 0.000000 1.000000 0.000000 -0.501727 0.817456 -0.282905
0.38005987 0.37526846 1.11817956 65 74 30 0.000000 2.000000 0.000000 -0.420351 0.893785 0.156376
0.37707475 0.36947238 1.11561418 64 70 25 0.000000 2.000000 0.000000 -0.898498 -0.313360 -0.307420
0.37795445 0.36602902 1.11661541 66 74 25 0.000000 1.000000 0.000000 -0.468722 -0.811923 -0.347967
0.37782121 0.36889264 1.11433303 64 70 23 0.000000 1.000000 0.000000 -0.636350 -0.562081 -0.528322
0.38059965 0.36841866 1.11354613 64 72 24 0.000000 1.000000 0.000000 -0.271527 -0.751067 -0.601806
0.37753484 0.37179995 1.11322486 64 71 27 0.000000 1.000000 0.000000 -0.677043 0.355734 -0.644256
0.37582058 0.37448952 1.12579393 66 73 35 0.000000 1.000000 0.000000 -0.764098 0.489219 -0.420499
0.39521939 0.38029456 1.11687696 72 75 37 0.000000 1.000000 0.000000 -0.340783 0.924182 -0.172495
0.37571606 0.37121591 1.12304366 64 71 28 0.000000 2.000000 0.000000 -0.841954 0.326472 -0.429568
0.39472726 0.38037944 1.11500120 71 77 35 0.000000 1.000000 0.000000 -0.286920 0.938380 0.192666
0.37831220 0.37395605 1.11954641 62 71 28 0.000000 1.000000 0.000000 -0.612407 0.788598 -0.055415
0.38322294 0.37678802 1.11593926 68 73 32 0.000000 1.000000 0.000000 -0.327467 0.944762 -0.013801
0.37813133 0.37399974 1.11640024 62 67 27 0.000000 2.000000 0.000000 -0.752966 0.657262 -0.032371
0.37716654 0.37288454 1.11727846 62 67 27 0.000000 2.000000 0.000000 -0.809171 0.587100 0.023595
0.36531049 0.37082070 1.13264000 63 70 34 0.000000 1.000000 0.000000 -0.416632 0.799483 -0.432718
0.38878006 0.38030386 1.12338758 71 74 40 0.000000 1.000000 0.000000 -0.589880 0.364385 -0.720601
0.37582058 0.37448952 1.12579393 66 73 35 0.000000 1.000000 0.000000 -0.764098 0.489219 -0.420499
0.37376139 0.37124047 1.12552977 53 61 22 0.000000 1.000000 0.000000 -0.679926 0.258340 -0.686266
0.37078992 0.36875346 1.12663496 59 67 27 0.000000 1.000000 0.000000 -0.496033 0.728289 -0.472807
0.39384347 0.38012531 1.11425364 72 77 36 0.000000 1.000000 0.000000 -0.459639 0.877493 0.136883
0.37840807 0.37396681 1.11970437 62 71 29 0.000000 1.000000 0.000000 -0.606745 0.791218 -0.076384
0.37656310 0.36871523 1.12009692 64 71 27 0.000000 2.000000 0.000000 -0.867404 0.483166 -0.118999
0.37813133 0.37399974 1.11640024 62 67 27 0.000000 2.000000 0.000000 -0.754228 0.656277 -0.020990
0.37594637 0.36782768 1.11727846 64 70 26 0.000000 2.000000 0.000000 -0.930392 -0.156683 -0.331392
0.37340158 0.36501414 1.12335193 65 77 28 0.000000 1.000000 0.000000 -0.054649 -0.149995 0.987175
0.38424698 0.37614805 1.11297560 67 70 27 0.000000 1.000000 0.000000 -0.446679 0.650779 -0.613974
0.39019665 0.37039080 1.10693586 65 71 25 0.000000 1.000000 0.000000 -0.348983 0.519454 0.779986
0.37746686 0.36681736 1.10514665 64 70 24 0.000000 1.000000 0.000000 -0.437036 -0.875554 -0.205925
0.37548169 0.36842069 1.12294209 63 72 27 0.000000 1.000000 0.000000 -0.950390 0.298545 -0.087347
0.37515527 0.36733440 1.11952722 65 73 26 0.000000 1.000000 0.000000 -0.721084 0.404269 -0.562676
0.37543660 0.36438090 1.11955714 63 75 27 0.000000 1.000000 0.000000 -0.716443 -0.169563 -0.676726
0.38059965 0.36841866 1.11354613 64 72 25 0.000000 1.000000 0.000000 -0.271527 -0.751067 -0.601806
0.37985104 0.36722425 1.10800922 68 71 24 0.000000 1.000000 0.000000 -0.110782 -0.639579 0.760701
0.37746686 0.36681736 1.10514665 64 70 24 0.000000 1.000000 0.000000 -0.437036 -0.875554 -0.205925
0.37024385 0.37261754 1.13082445 64 74 35 0.000000 1.000000 0.000000 -0.406026 0.873938 -0.267162
0.37653622 0.37464875 1.12448120 66 73 35 0.000000 1.000000 0.000000 -0.780406 0.516516 -0.352389
0.38770923 0.37809661 1.12050080 69 76 35 0.000000 1.000000 0.000000 -0.268647 0.962957 0.023307
0.37604553 0.37156317 1.12216938 65 72 28 0.000000 2.000000 0.000000 -0.941714 0.088741 -0.324500
0.37309179 0.36898381 1.12543893 64 71 29 0.000000 1.000000 0.000000 -0.802634 -0.223382 -0.553063
0.37584478 0.36878693 1.12247992 63 72 27 0.000000 1.000000 0.000000 -0.827377 0.560391 -0.037545
0.37809768 0.37398076 1.11598814 63 68 28 0.000000 1.000000 0.000000 -0.719425 0.694569 -0.001381
0.38060004 0.36542460 1.10420692 64 70 26 0.000000 1.000000 0.000000 -0.470701 -0.855684 -0.215049
0.38835436 0.37200719 1.10751057 67 71 26 0.000000 1.000000 0.000000 -0.419692 -0.531610 -0.735696
0.37228388 0.37203050 1.12810791 62 68 31 0.000000 1.000000 0.000000 -0.484933 0.754523 -0.442193
0.39016670 0.37954929 1.12172973 72 76 39 0.000000 1.000000 0.000000 -0.533115 0.654201 -0.536479
0.37785286 0.37657315 1.12918997 71 79 43 0.000000 1.000000 0.000000 -0.596028 0.729201 -0.336179
0.37498030 0.37335783 1.12616408 63 69 31 0.000000 1.000000 0.000000 -0.754071 0.407296 -0.515254
0.37210959 0.36993882 1.12705457 58 64 27 0.000000 1.000000 0.000000 -0.580443 -0.287836 -0.761732
0.37647381 0.37366807 1.12328446 65 71 31 0.000000 2.000000 0.000000 -0.860782 0.437247 -0.260520
0.37458548 0.37028298 1.12401021 60 67 26 0.000000 2.000000 0.000000 -0.780982 0.383215 -0.493167
0.37668133 0.37281194 1.12039733 61 70 28 0.000000 2.000000 0.000000 -0.842116 0.443629 -0.306649
0.39137828 0.37885737 1.11301684 71 74 35 0.000000 1.000000 0.000000 -0.393922 0.887439 -0.239326
0.37672248 0.36455834 1.11811388 61 70 24 0.000000 2.000000 0.000000 -0.687961 -0.067786 -0.722575
0.37651110 0.36731884 1.11783767 66 73 26 0.000000 2.000000 0.000000 -0.972215 -0.225495 -0.062843
0.36457664 0.37027296 1.13355649 65 76 36 0.000000 1.000000 0.000000 -0.400125 -0.308142 -0.863104
0.37585893 0.37257683 1.12438250 62 69 29 0.000000 2.000000 0.000000 -0.837154 0.369102 -0.403656
0.36293098 0.37096810 1.13407445 69 77 36 0.000000 1.000000 0.000000 -0.491380 0.347327 -0.798692
0.37664923 0.37061143 1.12100005 66 71 28 0.000000 1.000000 0.000000 -0.903031 -0.290207 -0.316724
0.37339503 0.36714947 1.12125885 66 74 27 0.000000 1.000000 0.000000 -0.600702 0.730233 -0.325448
0.37399259 0.36420095 1.12109649 64 73 26 0.000000 1.000000 0.000000 -0.608435 -0.618548 -0.497198
0.37672237 0.37066832 1.11791563 64 69 28 0.000000 1.000000 0.000000 -0.974506 0.186874 0.124165
0.38811955 0.37583005 1.11042953 65 70 29 0.000000 1.000000 0.000000 -0.415964 0.738212 -0.531052
0.38114083 0.37259620 1.11098182 64 70 29 0.000000 1.000000 0.000000 -0.520158 0.334502 -0.785839
0.38122556 0.37056395 1.11106849 67 73 29 0.000000 1.000000 0.000000 -0.401136 -0.375967 -0.835307
0.39030021 0.37021679 1.10710168 65 71 25 0.000000 1.000000 0.000000 -0.422746 0.375247 0.824909
0.38743708 0.37272301 1.10780180 65 71 27 0.000000 1.000000 0.000000 -0.452133 -0.126940 -0.882872
0.38481537 0.36927104 1.10767603 68 71 24 0.000000 1.000000 0.000000 0.052459 0.305795 0.950651
0.37854728 0.36615023 1.10583746 65 70 24 0.000000 1.000000 0.000000 -0.450565 -0.866701 -0.214056
0.37571985 0.36583665 1.11863565 63 71 26 0.000000 1.000000 0.000000 -0.791945 -0.323470 -0.517871
0.38094953 0.37554154 1.11501849 63 68 29 0.000000 2.000000 0.000000 -0.507033 0.791739 -0.340688
0.37570852 0.37238958 1.12448657 62 69 29 0.000000 2.000000 0.000000 -0.823106 0.385385 -0.417104
0.37565473 0.36757284 1.12462962 61 70 27 0.000000 1.000000 0.000000 -0.919404 -0.376308 -0.114409
0.37708339 0.37273526 1.11820662 65 71 28 0.000000 1.000000 0.000000 -0.858408 0.511187 -0.042714
0.37695155 0.37242839 1.11548817 62 68 27 0.000000 1.000000 0.000000 -0.930155 0.366659 0.019298
0.38014400 0.36928049 1.11246288 64 70 24 0.000000 1.000000 0.000000 -0.330437 -0.665757 -0.669013
0.39040598 0.36933097 1.10796511 65 72 26 0.000000 1.000000 0.000000 -0.335089 -0.942043 0.016438
0.37854728 0.36615023 1.10583746 65 70 24 0.000000 1.000000 0.000000 -0.450565 -0.866701 -0.214056
0.37785286 0.37657315 1.12918997 71 79 43 0.000000 1.000000 0.000000 -0.596028 0.729201 -0.336179
0.37494680 0.37432778 1.12720287 67 73 35 0.000000 1.000000 0.000000 -0.726930 0.505042 -0.465301
0.39233905 0.37974992 1.11996365 72 75 40 0.000000 1.000000 0.000000 -0.537889 0.719943 -0.438586
0.37451553 0.37047598 1.12425637 59 66 26 0.000000 2.000000 0.000000 -0.781342 0.373685 -0.499865
0.39137828 0.37885737 1.11301684 71 74 35 0.000000 1.000000 0.000000 -0.393922 0.887439 -0.239326
0.37724152 0.37273774 1.11811042 65 71 28 0.000000 1.000000 0.000000 -0.854220 0.518584 -0.037140
0.37693614 0.37279791 1.11547244 63 68 27 0.000000 1.000000 0.000000 -0.899750 0.434409 0.041692
0.37674311 0.36983693 1.11579072 64 70 25 0.000000 1.000000 0.000000 -0.929691 -0.300492 -0.213025
0.37730220 0.36781213 1.11558902 67 73 26 0.000000 1.000000 0.000000 -0.642876 -0.348429 -0.682135
0.38008061 0.36733815 1.11480212 65 73 24 0.000000 1.000000 0.000000 -0.335384 -0.594618 -0.730716
0.38811955 0.37583005 1.11042953 65 70 29 0.000000 1.000000 0.000000 -0.415964 0.738212 -0.531052
0.38014400 0.36928049 1.11246288 64 70 24 0.000000 1.000000 0.000000 -0.330437 -0.665757 -0.669013
0.37813675 0.36991382 1.12057829 65 72 28 0.000000 1.000000 0.000000 -0.999156 0.015435 0.038073
0.38024393 0.37547469 1.11848748 69 75 30 0.000000 1.000000 0.000000 -0.467664 0.881525 0.064838
0.36693841 0.37021792 1.12995780 61 67 31 0.000000 1.000000 0.000000 -0.630351 0.453117 -0.630351
0.37504253 0.37334958 1.12590992 63 70 31 0.000000 2.000000 0.000000 -0.768470 0.375299 -0.518270
0.36971527 0.36482659 1.12690353 56 67 25 0.000000 1.000000 0.000000 -0.368685 0.921022 -0.125657
0.38356194 0.37674683 1.11898947 67 73 29 0.000000 1.000000 0.000000 -0.349140 0.930587 -0.110040
0.37693030 0.37277895 1.11938095 62 70 27 0.000000 2.000000 0.000000 -0.861816 0.484314 -0.150708
0.37719518 0.37285733 1.11661232 60 65 24 0.000000 2.000000 0.000000 -0.848422 0.524812 0.068943
0.37564972 0.36752665 1.12355149 61 71 26 0.000000 1.000000 0.000000 -0.833916 -0.004068 0.551876
0.38014400 0.36928049 1.11246288 64 70 24 0.000000 1.000000 0.000000 -0.330437 -0.665757 -0.669013
0.38338909 0.36899874 1.11137962 66 72 26 0.000000 1.000000 0.000000 -0.233711 -0.806379 -0.543261
0.38363123 0.37757003 1.12518084 71 76 40 0.000000 1.000000 0.000000 -0.498860 0.569405 -0.653389
0.39450374 0.38013530 1.11818969 71 76 37 0.000000 1.000000 0.000000 -0.405803 0.884443 -0.230401
0.37710142 0.37462077 1.12327254 63 69 31 0.000000 2.000000 0.000000 -0.778139 0.541661 -0.317966
0.37653026 0.37115493 1.12081850 65 71 28 0.000000 2.000000 0.000000 -0.919940 -0.212513 -0.329467
0.37671477 0.36474308 1.11810601 61 70 24 0.000000 2.000000 0.000000 -0.698386 -0.169630 -0.695329
0.37480584 0.37027723 1.12365997 63 70 28 0.000000 1.000000 0.000000 -0.775903 0.401778 -0.486363
0.37419567 0.36725432 1.12293446 63 73 25 0.000000 1.000000 0.000000 -0.563721 0.587421 0.580650
0.37457287 0.36431155 1.12312233 62 74 26 0.000000 1.000000 0.000000 -0.309303 0.303384 0.901271
0.37399259 0.36420095 1.12109649 64 73 26 0.000000 1.000000 0.000000 -0.608435 -0.618548 -0.497198
0.37515527 0.36733440 1.11952722 65 73 26 0.000000 1.000000 0.000000 -0.721084 0.404269 -0.562676
0.37715021 0.36980644 1.11467826 63 69 25 0.000000 1.000000 0.000000 -0.833205 -0.476339 -0.280838
0.37911248 0.36612225 1.10462868 64 70 26 0.000000 1.000000 0.000000 -0.450565 -0.866701 -0.214056
0.36293098 0.37096810 1.13407445 69 77 36 0.000000 1.000000 0.000000 -0.491380 0.347327 -0.798692
0.37095529 0.36560443 1.12219429 66 75 28 0.000000 1.000000 0.000000 -0.717319 0.691022 -0.089117
0.37672237 0.37066832 1.11791563 64 69 28 0.000000 1.000000 0.000000 -0.974506 0.186874 0.124165
0.38424698 0.37614805 1.11297560 67 69 27 0.000000 1.000000 0.000000 -0.446679 0.650779 -0.613974
0.38122556 0.37056395 1.11106849 67 73 29 0.000000 1.000000 0.000000 -0.401136 -0.375967 -0.835307
0.39019665 0.37039080 1.10693586 65 70 25 0.000000 1.000000 0.000000 -0.381147 0.501167 0.776890
0.38422906 0.36815256 1.10810792 68 71 24 0.000000 1.000000 0.000000 -0.017802 0.224304 0.974357
0.37880155 0.36814129 1.10880089 67 69 23 0.000000 1.000000 0.000000 0.025554 -0.251894 0.967417
0.39233905 0.37974992 1.11996365 72 76 40 0.000000 1.000000 0.000000 -0.537889 0.719943 -0.438586
0.38878006 0.38030386 1.12338758 71 75 40 0.000000 1.000000 0.000000 -0.589880 0.364385 -0.720601
0.37024385 0.37261754 1.13082445 64 74 35 0.000000 1.000000 0.000000 -0.406026 0.873938 -0.267162
0.37653622 0.37464875 1.12448120 66 73 35 0.000000 1.000000 0.000000 -0.783729 0.506930 -0.358874
0.38722214 0.37822768 1.11970317 68 73 35 0.000000 1.000000 0.000000 -0.300351 0.941824 -0.150855
0.37357935 0.36933357 1.12446856 60 70 27 0.000000 2.000000 0.000000 -0.722178 0.456549 -0.519636
0.37892976 0.37481636 1.11737812 63 68 28 0.000000 1.000000 0.000000 -0.625053 0.775878 0.085564
0.37592056 0.36861289 1.11832511 65 71 28 0.000000 2.000000 0.000000 -0.914355 -0.123862 0.385504
0.37571985 0.36583665 1.11863565 63 71 25 0.000000 1.000000 0.000000 -0.791945 -0.323470 -0.517871
0.37385252 0.37318286 1.12751114 63 69 31 0.000000 1.000000 0.000000 -0.678550 0.514358 -0.524410
0.36806616 0.37039289 1.12861073 57 63 27 0.000000 1.000000 0.000000 -0.586349 0.357689 -0.726811
0.37386212 0.37030849 1.12531507 57 64 25 0.000000 2.000000 0.000000 -0.761234 0.383062 -0.523246
0.37694317 0.37362933 1.12191784 64 71 29 0.000000 2.000000 0.000000 -0.757590 0.607013 -0.239982
0.39313084 0.37922701 1.11127734 69 74 35 0.000000 1.000000 0.000000 -0.466245 0.859030 -0.211384
0.37721291 0.37276497 1.11877656 63 71 27 0.000000 2.000000 0.000000 -0.846575 0.526096 -0.080829
0.37383178 0.37401426 1.12963593 65 76 36 0.000000 1.000000 0.000000 -0.335079 0.923235 0.188040
0.36794955 0.37121356 1.13057768 64 69 32 0.000000 1.000000 0.000000 -0.430160 0.767091 -0.475956
0.39016670 0.37954929 1.12172973 72 76 39 0.000000 1.000000 0.000000 -0.533115 0.654201 -0.536479
0.37641159 0.37367630 1.12353861 63 68 30 0.000000 2.000000 0.000000 -0.869534 0.418889 -0.261616
0.38116989 0.37553576 1.11466813 61 65 28 0.000000 1.000000 0.000000 -0.499351 0.721653 -0.479443
0.36293098 0.37096810 1.13407445 69 77 36 0.000000 1.000000 0.000000 -0.491380 0.347327 -0.798692
0.37339503 0.36714947 1.12125885 66 74 27 0.000000 1.000000 0.000000 -0.600702 0.730233 -0.325448
0.37026811 0.36442903 1.12138999 64 76 28 0.000000 1.000000 0.000000 -0.777413 -0.349273 -0.523104
0.38424698 0.37614805 1.11297560 67 70 26 0.000000 1.000000 0.000000 -0.446679 0.650779 -0.613974
0.38114083 0.37259620 1.11098182 64 71 29 0.000000 1.000000 0.000000 -0.520158 0.334502 -0.785839
0.38122556 0.37056395 1.11106849 67 72 28 0.000000 1.000000 0.000000 -0.401136 -0.375967 -0.835307
0.38743708 0.37272301 1.10780180 65 71 27 0.000000 1.000000 0.000000 -0.452133 -0.126940 -0.882872
0.39019665 0.37039080 1.10693586 65 71 25 0.000000 1.000000 0.000000 -0.348983 0.519454 0.779986
0.38028911 0.36744368 1.10837901 68 71 24 0.000000 1.000000 0.000000 0.013886 -0.339581 0.940474
0.37746686 0.36681736 1.10514665 64 70 24 0.000000 1.000000 0.000000 -0.437036 -0.875554 -0.205925
0.37616369 0.36856097 1.12121725 64 72 28 0.000000 1.000000 0.000000 -0.655190 0.744737 -0.126859
0.37777641 0.37392959 1.11510229 64 69 28 0.000000 1.000000 0.000000 -0.625895 0.733644 -0.264619
0.38768381 0.36878887 1.11095572 64 72 24 0.000000 1.000000 0.000000 -0.108671 -0.887714 -0.447385
0.38338909 0.36899874 1.11137962 66 72 26 0.000000 1.000000 0.000000 -0.233711 -0.806379 -0.543261
0.38703626 0.36864030 1.10810578 66 72 26 0.000000 1.000000 0.000000 -0.054270 0.519048 0.853020
0.37400392 0.36723286 1.12261856 64 73 26 0.000000 1.000000 0.000000 -0.569085 0.714242 0.407432
0.37075251 0.36452889 1.12325788 62 71 24 0.000000 1.000000 0.000000 -0.568081 -0.147611 0.809627
0.37664691 0.37033427 1.11885166 65 70 29 0.000000 1.000000 0.000000 -0.944598 0.164455 0.284059
0.38996798 0.37621045 1.10884786 67 72 27 0.000000 1.000000 0.000000 -0.378277 0.896384 -0.231088
0.37898061 0.37674809 1.12784278 70 79 43 0.000000 1.000000 0.000000 -0.576024 0.559132 -0.596295
0.37256664 0.37300542 1.12895441 65 71 32 0.000000 1.000000 0.000000 -0.547087 0.680931 -0.486857
0.36693841 0.37021792 1.12995780 61 67 31 0.000000 1.000000 0.000000 -0.630351 0.453117 -0.630351
0.37835383 0.37576815 1.12286806 67 73 35 0.000000 1.000000 0.000000 -0.480266 0.835447 -0.267158
0.37486526 0.36951101 1.12302530 59 70 27 0.000000 1.000000 0.000000 -0.727868 0.364752 -0.580659
0.38924727 0.37849095 1.11520290 69 75 34 0.000000 1.000000 0.000000 -0.304807 0.952050 0.026341
0.37777641 0.37392959 1.11510229 64 69 28 0.000000 1.000000 0.000000 -0.625895 0.733644 -0.264619
0.37564972 0.36752665 1.12355149 62 71 26 0.000000 1.000000 0.000000 -0.833916 -0.004068 0.551876
0.38056520 0.37552586 1.11937344 67 78 32 0.000000 1.000000 0.000000 -0.506294 0.858866 -0.077566
0.37795445 0.36602902 1.11661541 66 74 25 0.000000 1.000000 0.000000 -0.468722 -0.811923 -0.347967
0.37781352 0.36907738 1.11432517 64 70 24 0.000000 1.000000 0.000000 -0.638417 -0.557562 -0.530611
0.37753484 0.37179995 1.11322486 65 71 27 0.000000 1.000000 0.000000 -0.669816 0.358655 -0.650164
0.38587001 0.36938909 1.10941339 65 73 26 0.000000 1.000000 0.000000 -0.358501 -0.636789 -0.682625
0.37911248 0.36612225 1.10462868 64 70 26 0.000000 1.000000 0.000000 -0.450565 -0.866701 -0.214056
0.37750998 0.36893386 1.11560345 65 71 25 0.000000 1.000000 0.000000 -0.856894 -0.215353 -0.468355
0.37419567 0.36725432 1.12293446 63 73 25 0.000000 1.000000 0.000000 -0.563721 0.587421 0.580650
0.37515527 0.36733440 1.11952722 65 73 26 0.000000 1.000000 0.000000 -0.721084 0.404269 -0.562676
0.37696978 0.37281686 1.11588442 61 66 25 0.000000 1.000000 0.000000 -0.890239 0.451292 0.061727
0.37674311 0.36983693 1.11579072 64 70 25 0.000000 1.000000 0.000000 -0.939594 -0.270636 -0.209570
0.38287261 0.37379727 1.11136711 66 72 28 0.000000 1.000000 0.000000 -0.430666 0.778448 -0.456668
0.38338909 0.36899874 1.11137962 66 72 26 0.000000 1.000000 0.000000 -0.233711 -0.806379 -0.543261
0.37898061 0.37674809 1.12784278 70 78 43 0.000000 1.000000 0.000000 -0.576024 0.559132 -0.596295
0.36794955 0.37121356 1.13057768 64 69 32 0.000000 1.000000 0.000000 -0.430160 0.767091 -0.475956
0.37078992 0.36875346 1.12663496 59 67 27 0.000000 1.000000 0.000000 -0.496033 0.728289 -0.472807
0.37840807 0.37396681 1.11970437 62 71 29 0.000000 1.000000 0.000000 -0.606745 0.791218 -0.076384
0.37819859 0.37403768 1.11722434 64 70 29 0.000000 2.000000 0.000000 -0.790530 0.612421 0.001370
0.37581417 0.36802891 1.11777878 64 71 26 0.000000 2.000000 0.000000 -0.957480 -0.272643 -0.094327
0.38363123 0.37757003 1.12518084 71 76 40 0.000000 1.000000 0.000000 -0.498860 0.569405 -0.653389
0.39499900 0.38030031 1.11722720 71 75 37 0.000000 1.000000 0.000000 -0.347224 0.919789 -0.182824
0.37791297 0.37479073 1.12211776 63 69 31 0.000000 1.000000 0.000000 -0.629904 0.679244 -0.376627
0.39472726 0.38037944 1.11500120 71 77 35 0.000000 1.000000 0.000000 -0.286920 0.938380 0.192666
0.38322294 0.37678802 1.11593926 68 73 32 0.000000 1.000000 0.000000 -0.327467 0.944762 -0.013801
0.37813675 0.36991382 1.12057829 65 72 27 0.000000 1.000000 0.000000 -0.999156 0.015435 0.038073
0.37385252 0.37318286 1.12751114 62 69 31 0.000000 1.000000 0.000000 -0.678550 0.514358 -0.524410
0.36806616 0.37039289 1.12861073 57 63 27 0.000000 1.000000 0.000000 -0.586349 0.357689 -0.726811
0.37386212 0.37030849 1.12531507 57 65 25 0.000000 2.000000 0.000000 -0.768795 0.391712 -0.505487
0.39115208 0.37884417 1.11727571 70 77 35 0.000000 1.000000 0.000000 -0.315478 0.946435 -0.068808
0.37615743 0.37267417 1.12202597 61 69 27 0.000000 1.000000 0.000000 -0.883620 0.439634 -0.161054
0.37669277 0.36973387 1.12211764 64 71 27 0.000000 2.000000 0.000000 -0.785466 -0.018073 -0.618641
0.36293098 0.37096810 1.13407445 69 76 36 0.000000 1.000000 0.000000 -0.491380 0.347327 -0.798692
0.37616369 0.36856097 1.12121725 64 72 28 0.000000 1.000000 0.000000 -0.675172 0.726072 -0.130244
0.38424698 0.37614805 1.11297560 67 70 27 0.000000 1.000000 0.000000 -0.446679 0.650779 -0.613974
0.38122556 0.37056395 1.11106849 66 72 28 0.000000 1.000000 0.000000 -0.401136 -0.375967 -0.835307
0.38422906 0.36815256 1.10810792 68 71 24 0.000000 1.000000 0.000000 -0.017802 0.224304 0.974357
0.38028911 0.36744368 1.10837901 68 71 24 0.000000 1.000000 0.000000 0.013886 -0.339581 0.940474
0.37746686 0.36681736 1.10514665 63 70 23 0.000000 1.000000 0.000000 -0.437036 -0.875554 -0.205925
0.37515527 0.36733440 1.11952722 65 73 25 0.000000 1.000000 0.000000 -0.721084 0.404269 -0.562676
0.38059965 0.36841866 1.11354613 64 72 25 0.000000 1.000000 0.000000 -0.271527 -0.751067 -0.601806
0.37685269 0.37067077 1.11349881 65 71 26 0.000000 1.000000 0.000000 -0.873815 -0.127700 -0.469191
0.38478687 0.37028718 1.10979295 66 72 28 0.000000 1.000000 0.000000 -0.387316 -0.454815 -0.801953
0.39047438 0.37131953 1.10670412 67 70 25 0.000000 1.000000 0.000000 -0.703342 -0.547044 -0.453930
0.38766721 0.37083179 1.10670626 66 71 26 0.000000 1.000000 0.000000 0.052413 0.154911 0.986537
0.37940529 0.36718956 1.10763156 68 71 24 0.000000 1.000000 0.000000 -0.228064 -0.859392 0.457638
0.37366173 0.36702415 1.12240672 65 75 27 0.000000 1.000000 0.000000 -0.536448 0.784774 0.310408
0.37636146 0.36959028 1.11907542 65 69 28 0.000000 1.000000 0.000000 -0.900817 0.177281 0.396359
0.37630880 0.36672416 1.11713338 65 73 26 0.000000 1.000000 0.000000 -0.798199 -0.549248 -0.247395
0.37776998 0.36995494 1.11320758 65 71 27 0.000000 1.000000 0.000000 -0.550231 -0.509847 -0.661287
0.39015701 0.36936396 1.10898149 65 73 26 0.000000 1.000000 0.000000 -0.060464 -0.971132 -0.230752
0.38060004 0.36542460 1.10420692 64 70 26 0.000000 1.000000 0.000000 -0.470701 -0.855684 -0.215049
0.36703932 0.36069000 1.12382090 60 69 24 0.000000 1.000000 0.000000 -0.809915 0.212813 -0.546578
0.37269101 0.36241513 1.11962235 61 70 24 0.000000 1.000000 0.000000 -0.481911 0.663257 -0.572584
0.37611309 0.36399412 1.11852217 61 70 25 0.000000 1.000000 0.000000 -0.545464 0.372870 -0.750624
0.36894497 0.36101595 1.12090707 59 70 25 0.000000 1.000000 0.000000 -0.588486 0.652197 -0.477831
0.36420554 0.36101472 1.12985659 56 66 23 0.000000 1.000000 0.000000 -0.056872 0.276779 0.959249
0.36917850 0.36383843 1.12599528 59 69 24 0.000000 1.000000 0.000000 -0.427137 0.696383 -0.576718
0.36412051 0.36106911 1.12686825 57 67 22 0.000000 1.000000 0.000000 -0.626162 0.278825 -0.728133
0.36195585 0.36068374 1.12864220 59 68 25 0.000000 1.000000 0.000000 -0.842492 0.276708 -0.462211
0.37269101 0.36241513 1.11962235 61 70 25 0.000000 1.000000 0.000000 -0.481911 0.663257 -0.572584
0.37265754 0.36338511 1.12066114 61 70 25 0.000000 1.000000 0.000000 -0.526543 0.546730 -0.651029
0.36894497 0.36101595 1.12090707 60 71 25 0.000000 1.000000 0.000000 -0.588486 0.652197 -0.477831
0.36534134 0.36049685 1.12529862 60 72 25 0.000000 1.000000 0.000000 -0.455183 0.873776 0.171243
0.37627122 0.36399660 1.11842597 61 69 24 0.000000 1.000000 0.000000 -0.574964 0.309103 -0.757543
0.36215249 0.35976249 1.12858546 58 67 23 0.000000 1.000000 0.000000 -0.756799 -0.067752 -0.650127
0.37138972 0.36260721 1.12104988 62 74 26 0.000000 1.000000 0.000000 -0.469077 0.837527 -0.280208
0.37018165 0.36304095 1.12370563 60 69 24 0.000000 2.000000 0.000000 -0.411795 0.910215 -0.043978
0.37138972 0.36260721 1.12104988 62 74 26 0.000000 1.000000 0.000000 -0.469077 0.837527 -0.280208
0.37265754 0.36338511 1.12066114 61 70 25 0.000000 1.000000 0.000000 -0.526543 0.546730 -0.651029
0.37017661 0.36299473 1.12262738 62 71 24 0.000000 1.000000 0.000000 -0.489413 0.809352 -0.324691
0.36932361 0.36200160 1.12191141 59 70 26 0.000000 1.000000 0.000000 -0.553823 0.644724 -0.526889
0.36646909 0.36067179 1.12395144 62 74 26 0.000000 1.000000 0.000000 -0.565550 0.755678 -0.330307
0.36157957 0.35997525 1.12978625 55 65 22 0.000000 1.000000 0.000000 -0.945352 0.060949 0.320304
0.36759701 0.36183569 1.12405515 60 71 24 0.000000 2.000000 0.000000 -0.543270 0.830280 -0.124469
0.36215249 0.35976249 1.12858546 58 67 23 0.000000 1.000000 0.000000 -0.756799 -0.067752 -0.650127
0.36807123 0.36085421 1.12231588 58 69 25 0.000000 1.000000 0.000000 -0.726601 0.413553 -0.548658
0.36678535 0.36067677 1.12375915 61 71 25 0.000000 2.000000 0.000000 -0.726930 0.505042 -0.465301
0.37265754 0.36338511 1.12066114 60 70 24 0.000000 1.000000 0.000000 -0.526543 0.546730 -0.651029
0.36644331 0.36145699 1.12499809 60 69 25 0.000000 1.000000 0.000000 -0.641721 0.638387 -0.425036
0.36320826 0.36183116 1.12823772 58 66 23 0.000000 1.000000 0.000000 -0.537145 0.691093 -0.483598
0.36644331 0.36145699 1.12499809 60 69 25 0.000000 1.000000 0.000000 -0.641721 0.638387 -0.425036
0.36158726 0.35979047 1.12979412 55 66 22 0.000000 1.000000 0.000000 -0.979767 -0.111868 0.165958
0.36932361 0.36200160 1.12191141 60 70 26 0.000000 1.000000 0.000000 -0.553823 0.644724 -0.526889
0.37611309 0.36399412 1.11852217 61 69 25 0.000000 1.000000 0.000000 -0.545464 0.372870 -0.750624
0.36932361 0.36200160 1.12191141 60 70 26 0.000000 1.000000 0.000000 -0.553823 0.644724 -0.526889
0.37138972 0.36260721 1.12104988 62 74 26 0.000000 1.000000 0.000000 -0.469077 0.837527 -0.280208
0.36672592 0.36144298 1.12439382 60 69 24 0.000000 2.000000 0.000000 -0.646523 0.636551 -0.420489
0.37296072 0.36403674 1.12260151 60 72 25 0.000000 1.000000 0.000000 -0.520595 -0.126868 0.844326
0.36591157 0.36051503 1.12516809 57 69 26 0.000000 1.000000 0.000000 -0.697996 0.146233 -0.701011
0.36561605 0.36216462 1.12935591 57 67 24 0.000000 1.000000 0.000000 -0.136971 0.546410 0.826242
0.37296072 0.36403674 1.12260151 61 73 25 0.000000 1.000000 0.000000 -0.520595 -0.126868 0.844326
0.36894497 0.36101595 1.12090707 59 71 25 0.000000 1.000000 0.000000 -0.588486 0.652197 -0.477831
0.36807123 0.36085421 1.12231588 57 69 24 0.000000 1.000000 0.000000 -0.726601 0.413553 -0.548658
0.36534134 0.36049685 1.12529862 60 73 25 0.000000 1.000000 0.000000 -0.455183 0.873776 0.171243
0.36686844 0.36331201 1.12895143 56 67 24 0.000000 1.000000 0.000000 -0.225699 0.770491 0.596157
0.37018165 0.36304095 1.12370563 60 69 24 0.000000 2.000000 0.000000 -0.409895 0.911321 -0.038469
0.36703932 0.36069000 1.12382090 61 70 25 0.000000 1.000000 0.000000 -0.809915 0.212813 -0.546578
0.36561605 0.36216462 1.12935591 56 66 23 0.000000 1.000000 0.000000 -0.136971 0.546410 0.826242
0.36731708 0.36161873 1.12358928 60 69 24 0.000000 1.000000 0.000000 -0.670495 0.603945 -0.430914
0.37265754 0.36338511 1.12066114 61 70 24 0.000000 1.000000 0.000000 -0.526543 0.546730 -0.651029
0.36731708 0.36161873 1.12358928 59 69 24 0.000000 1.000000 0.000000 -0.670495 0.603945 -0.430914
0.37269101 0.36241513 1.11962235 61 70 24 0.000000 1.000000 0.000000 -0.481911 0.663257 -0.572584
0.36320826 0.36183116 1.12823772 57 67 23 0.000000 1.000000 0.000000 -0.537145 0.691093 -0.483598
0.36650556 0.36144873 1.12474406 60 69 25 0.000000 2.000000 0.000000 -0.636551 0.646523 -0.420489
0.36644331 0.36145699 1.12499809 60 69 25 0.000000 1.000000 0.000000 -0.641721 0.638387 -0.425036
0.36894497 0.36101595 1.12090707 60 71 25 0.000000 1.000000 0.000000 -0.588486 0.652197 -0.477831
0.36154875 0.36071423 1.12975478 54 65 22 0.000000 1.000000 0.000000 -0.719355 0.400007 0.567911
0.36917850 0.36383843 1.12599528 60 69 24 0.000000 1.000000 0.000000 -0.427137 0.696383 -0.576718
0.36932361 0.36200160 1.12191141 60 70 26 0.000000 1.000000 0.000000 -0.553823 0.644724 -0.526889
0.36917850 0.36383843 1.12599528 60 69 24 0.000000 1.000000 0.000000 -0.427137 0.696383 -0.576718
0.36686844 0.36331201 1.12895143 56 67 24 0.000000 1.000000 0.000000 -0.225699 0.770491 0.596157
0.36917850 0.36383843 1.12599528 60 69 24 0.000000 1.000000 0.000000 -0.427137 0.696383 -0.576718
0.36412823 0.36088437 1.12687612 57 67 22 0.000000 1.000000 0.000000 -0.628376 0.244106 -0.738617
0.36280116 0.36186162 1.12935030 55 66 23 0.000000 1.000000 0.000000 -0.461560 0.774702 0.432202
0.36678535 0.36067677 1.12375915 61 70 25 0.000000 2.000000 0.000000 -0.781199 0.359190 -0.510598
0.36158726 0.35979047 1.12979412 56 66 22 0.000000 1.000000 0.000000 -0.979767 -0.111868 0.165958
0.36320826 0.36183116 1.12823772 58 67 23 0.000000 1.000000 0.000000 -0.537145 0.691093 -0.483598
0.37269101 0.36241513 1.11962235 60 69 25 0.000000 1.000000 0.000000 -0.481911 0.663257 -0.572584
0.36932361 0.36200160 1.12191141 60 70 26 0.000000 1.000000 0.000000 -0.553823 0.644724 -0.526889
0.36320826 0.36183116 1.12823772 58 66 23 0.000000 1.000000 0.000000 -0.537145 0.691093 -0.483598
0.36778104 0.36204189 1.12436318 61 73 25 0.000000 1.000000 0.000000 -0.390567 0.911322 0.130189
0.37269101 0.36241513 1.11962235 61 70 25 0.000000 1.000000 0.000000 -0.481911 0.663257 -0.572584
0.36778104 0.36204189 1.12436318 61 73 25 0.000000 1.000000 0.000000 -0.390567 0.911322 0.130189
0.36493233 0.36321697 1.12861514 57 67 24 0.000000 1.000000 0.000000 -0.390369 0.907075 0.157567
0.36320826 0.36183116 1.12823772 58 67 23 0.000000 1.000000 0.000000 -0.537145 0.691093 -0.483598
0.36807123 0.36085421 1.12231588 57 69 25 0.000000 1.000000 0.000000 -0.726601 0.413553 -0.548658
0.36686844 0.36331201 1.12895143 56 67 24 0.000000 1.000000 0.000000 -0.225699 0.770491 0.596157
0.36932361 0.36200160 1.12191141 60 70 26 0.000000 1.000000 0.000000 -0.553823 0.644724 -0.526889
0.36917850 0.36383843 1.12599528 60 69 24 0.000000 1.000000 0.000000 -0.427137 0.696383 -0.576718
0.36414361 0.36051488 1.12689185 57 67 23 0.000000 1.000000 0.000000 -0.653205 0.067772 -0.754142
0.36420554 0.36101472 1.12985659 56 66 23 0.000000 1.000000 0.000000 -0.056872 0.276779 0.959249
0.36412051 0.36106911 1.12686825 56 67 22 0.000000 1.000000 0.000000 -0.621180 0.300157 -0.723907
0.36561605 0.36216462 1.12935591 56 67 24 0.000000 1.000000 0.000000 -0.136971 0.546410 0.826242
0.36280116 0.36186162 1.12935030 55 66 23 0.000000 1.000000 0.000000 -0.461560 0.774702 0.432202
0.36591157 0.36051503 1.12516809 58 69 25 0.000000 1.000000 0.000000 -0.697996 0.146233 -0.701011
0.36214477 0.35994723 1.12857759 58 67 23 0.000000 1.000000 0.000000 -0.773591 -0.043842 -0.632167
0.36894497 0.36101595 1.12090707 59 70 24 0.000000 1.000000 0.000000 -0.588486 0.652197 -0.477831
0.36493233 0.36321697 1.12861514 57 67 24 0.000000 1.000000 0.000000 -0.390369 0.907075 0.157567
0.36731708 0.36161873 1.12358928 60 69 24 0.000000 1.000000 0.000000 -0.670495 0.603945 -0.430914
0.36807123 0.36085421 1.12231588 57 69 24 0.000000 1.000000 0.000000 -0.726601 0.413553 -0.548658
0.36320826 0.36183116 1.12823772 58 67 23 0.000000 1.000000 0.000000 -0.537145 0.691093 -0.483598
0.36591157 0.36051503 1.12516809 58 69 26 0.000000 1.000000 0.000000 -0.697996 0.146233 -0.701011
0.37009847 0.36289164 1.12463367 61 70 25 0.000000 2.000000 0.000000 -0.395111 0.896655 -0.199743
0.36415902 0.36014536 1.12690759 57 68 25 0.000000 1.000000 0.000000 -0.658481 -0.058819 -0.750295
0.36561605 0.36216462 1.12935591 57 67 23 0.000000 1.000000 0.000000 -0.136971 0.546410 0.826242
0.37265754 0.36338511 1.12066114 60 70 25 0.000000 1.000000 0.000000 -0.526543 0.546730 -0.651029
0.37265754 0.36338511 1.12066114 61 70 25 0.000000 1.000000 0.000000 -0.526543 0.546730 -0.651029
0.36420554 0.36101472 1.12985659 56 66 23 0.000000 1.000000 0.000000 -0.056872 0.276779 0.959249
0.36493233 0.36321697 1.12861514 57 67 24 0.000000 1.000000 0.000000 -0.390369 0.907075 0.157567
0.37017661 0.36299473 1.12262738 62 71 24 0.000000 1.000000 0.000000 -0.489413 0.809352 -0.324691
0.37269101 0.36241513 1.11962235 61 70 25 0.000000 1.000000 0.000000 -0.481911 0.663257 -0.572584
0.36280116 0.36186162 1.12935030 55 66 23 0.000000 1.000000 0.000000 -0.461560 0.774702 0.432202
0.36412051 0.36106911 1.12686825 57 67 22 0.000000 1.000000 0.000000 -0.621180 0.300157 -0.723907
0.36715895 0.36161622 1.12368536 60 69 24 0.000000 2.000000 0.000000 -0.658170 0.621512 -0.424894
0.36894497 0.36101595 1.12090707 60 71 25 0.000000 1.000000 0.000000 -0.588486 0.652197 -0.477831
0.36280116 0.36186162 1.12935030 55 66 23 0.000000 1.000000 0.000000 -0.461560 0.774702 0.432202
0.36549944 0.36049932 1.12520242 60 71 25 0.000000 2.000000 0.000000 -0.634370 0.760344 -0.139471
0.36807123 0.36085421 1.12231588 58 69 25 0.000000 1.000000 0.000000 -0.726601 0.413553 -0.548658
0.36686844 0.36331201 1.12895143 56 67 23 0.000000 1.000000 0.000000 -0.225699 0.770491 0.596157
0.36561605 0.36216462 1.12935591 57 67 24 0.000000 1.000000 0.000000 -0.136971 0.546410 0.826242
0.37611309 0.36399412 1.11852217 61 70 25 0.000000 1.000000 0.000000 -0.545464 0.372870 -0.750624
0.36280116 0.36186162 1.12935030 55 66 23 0.000000 1.000000 0.000000 -0.461560 0.774702 0.432202
0.36415902 0.36014536 1.12690759 57 68 25 0.000000 1.000000 0.000000 -0.658481 -0.058819 -0.750295
0.37296072 0.36403674 1.12260151 61 73 25 0.000000 1.000000 0.000000 -0.520595 -0.126868 0.844326
0.36493233 0.36321697 1.12861514 57 67 24 0.000000 1.000000 0.000000 -0.390369 0.907075 0.157567
0.36561605 0.36216462 1.12935591 56 67 24 0.000000 1.000000 0.000000 -0.136971 0.546410 0.826242
0.36215249 0.35976249 1.12858546 58 67 23 0.000000 1.000000 0.000000 -0.756799 -0.067752 -0.650127
0.36412051 0.36106911 1.12686825 57 67 22 0.000000 1.000000 0.000000 -0.621180 0.300157 -0.723907
0.36214477 0.35994723 1.12857759 58 67 23 0.000000 1.000000 0.000000 -0.760871 -0.058749 -0.646239
0.37296072 0.36403674 1.12260151 61 73 25 0.000000 1.000000 0.000000 -0.520595 -0.126868 0.844326
0.37009847 0.36289164 1.12463367 61 70 24 0.000000 2.000000 0.000000 -0.412118 0.847563 -0.334360
0.36894497 0.36101595 1.12090707 60 71 25 0.000000 1.000000 0.000000 -0.588486 0.652197 -0.477831
0.36320826 0.36183116 1.12823772 58 67 23 0.000000 1.000000 0.000000 -0.537145 0.691093 -0.483598
0.36686844 0.36331201 1.12895143 56 67 24 0.000000 1.000000 0.000000 -0.225699 0.770491 0.596157
0.36157185 0.36015999 1.12977839 55 65 22 0.000000 1.000000 0.000000 -0.922474 0.119605 0.367065
0.36154875 0.36071423 1.12975478 53 65 21 0.000000 1.000000 0.000000 -0.719355 0.400007 0.567911
0.36917850 0.36383843 1.12599528 60 69 24 0.000000 1.000000 0.000000 -0.427137 0.696383 -0.576718
0.36703932 0.36069000 1.12382090 61 70 25 0.000000 1.000000 0.000000 -0.809915 0.212813 -0.546578
0.36280116 0.36186162 1.12935030 54 66 23 0.000000 1.000000 0.000000 -0.461560 0.774702 0.432202
0.36778104 0.36204189 1.12436318 61 73 25 0.000000 1.000000 0.000000 -0.390567 0.911322 0.130189
0.36534134 0.36049685 1.12529862 61 73 25 0.000000 1.000000 0.000000 -0.455183 0.873776 0.171243
0.36644331 0.36145699 1.12499809 59 69 25 0.000000 1.000000 0.000000 -0.641721 0.638387 -0.425036
0.36215249 0.35976249 1.12858546 58 67 23 0.000000 1.000000 0.000000 -0.756799 -0.067752 -0.650127
0.36778104 0.36204189 1.12436318 60 72 24 0.000000 2.000000 0.000000 -0.422288 0.903340 0.075164
0.36686844 0.36331201 1.12895143 56 67 24 0.000000 1.000000 0.000000 -0.225699 0.770491 0.596157
0.36415902 0.36014536 1.12690759 57 68 25 0.000000 1.000000 0.000000 -0.658481 -0.058819 -0.750295
0.37008575 0.36303020 1.12354767 60 69 24 0.000000 1.000000 0.000000 -0.427663 0.898511 -0.098906
0.36703932 0.36069000 1.12382090 60 70 25 0.000000 1.000000 0.000000 -0.809915 0.212813 -0.546578
0.37269101 0.36241513 1.11962235 60 70 25 0.000000 1.000000 0.000000 -0.481911 0.663257 -0.572584
0.36932361 0.36200160 1.12191141 60 70 26 0.000000 1.000000 0.000000 -0.553823 0.644724 -0.526889
0.37627122 0.36399660 1.11842597 61 69 24 0.000000 1.000000 0.000000 -0.574964 0.309103 -0.757543
0.36807123 0.36085421 1.12231588 57 68 25 0.000000 1.000000 0.000000 -0.726601 0.413553 -0.548658
0.37296072 0.36403674 1.12260151 61 73 25 0.000000 1.000000 0.000000 -0.520595 -0.126868 0.844326
0.36640686 0.36068004 1.12420559 61 72 26 0.000000 2.000000 0.000000 -0.624027 0.653981 -0.427667
0.36575344 0.36051255 1.12526417 59 70 25 0.000000 2.000000 0.000000 -0.723076 0.575510 -0.382033
0.36420554 0.36101472 1.12985659 55 66 23 0.000000 1.000000 0.000000 -0.056872 0.276779 0.959249
0.36195585 0.36068374 1.12864220 59 68 25 0.000000 1.000000 0.000000 -0.842492 0.276708 -0.462211
0.37138972 0.36260721 1.12104988 62 74 26 0.000000 1.000000 0.000000 -0.469077 0.837527 -0.280208
0.37265754 0.36338511 1.12066114 60 70 24 0.000000 1.000000 0.000000 -0.526543 0.546730 -0.651029
0.36807123 0.36085421 1.12231588 58 69 25 0.000000 1.000000 0.000000 -0.726601 0.413553 -0.548658
0.37021026 0.36301371 1.12303948 61 70 24 0.000000 1.000000 0.000000 -0.454898 0.869788 -0.191146
