-0.33738047 0.02533611 0.44408286 202 211 152 0.000000 1.000000 0.000000 -0.326890 -0.839905 0.433247
-0.33974645 0.02531771 0.44161659 204 212 156 0.000000 2.000000 0.000000 -0.547782 -0.761078 0.347413
-0.34123901 0.02596913 0.44096023 208 215 155 0.000000 2.000000 0.000000 -0.452734 -0.858528 0.240751
-0.34192568 0.02527457 0.43838802 192 200 134 0.000000 1.000000 0.000000 -0.599290 -0.449051 0.662725
-0.33957279 0.02593962 0.44298702 208 216 157 0.000000 2.000000 0.000000 -0.451261 -0.835380 0.313853
-0.34307888 0.02537672 0.43756300 191 199 129 0.000000 1.000000 0.000000 -0.640733 -0.502832 0.580191
-0.33991227 0.02549997 0.44170487 207 214 156 0.000000 2.000000 0.000000 -0.488399 -0.799053 0.350687
-0.33633840 0.02658166 0.44618499 210 215 159 0.000000 1.000000 0.000000 -0.100236 -0.939542 0.327436
-0.33943290 0.02555363 0.44249457 207 213 155 0.000000 2.000000 0.000000 -0.552935 -0.733419 0.395423
-0.33895350 0.02560730 0.44328430 207 212 153 0.000000 2.000000 0.000000 -0.534220 -0.753136 0.383920
-0.33792463 0.02651057 0.44606835 212 217 163 0.000000 2.000000 0.000000 -0.021890 -0.930982 0.364409
-0.34163022 0.02611095 0.44032055 205 212 150 0.000000 2.000000 0.000000 -0.561624 -0.806862 0.183171
-0.33933702 0.02556437 0.44265252 207 213 155 0.000000 2.000000 0.000000 -0.534220 -0.753136 0.383920
-0.33892757 0.02581103 0.44368845 209 216 161 0.000000 2.000000 0.000000 -0.419441 -0.852811 0.311098
-0.34244138 0.02543287 0.43825656 195 202 134 0.000000 1.000000 0.000000 -0.585365 -0.531383 0.612356
-0.34047714 0.02501987 0.43969476 196 206 146 0.000000 2.000000 0.000000 -0.636425 -0.713373 0.293365
-0.33995628 0.02589669 0.44235525 209 215 155 0.000000 2.000000 0.000000 -0.471540 -0.796629 0.378197
-0.33679467 0.02597374 0.44541892 208 216 169 0.000000 1.000000 0.000000 -0.113792 -0.897696 0.425668
-0.33577085 0.02683081 0.44712478 212 219 165 0.000000 2.000000 0.000000 -0.061322 -0.788634 0.611797
-0.34250081 0.02619909 0.43889117 201 208 144 0.000000 2.000000 0.000000 -0.569393 -0.663451 0.485411
-0.33738047 0.02533611 0.44408286 203 211 153 0.000000 1.000000 0.000000 -0.326890 -0.839905 0.433247
-0.34012225 0.02509002 0.44099268 201 210 157 0.000000 2.000000 0.000000 -0.590407 -0.712107 0.379900
-0.34060934 0.02522111 0.44019508 200 208 147 0.000000 2.000000 0.000000 -0.625926 -0.713265 0.315389
-0.33643696 0.02680187 0.44709736 212 218 164 0.000000 2.000000 0.000000 -0.025862 -0.864328 0.502263
-0.34145668 0.02574393 0.44024017 205 211 149 0.000000 2.000000 0.000000 -0.581311 -0.775604 0.246000
-0.33729485 0.02675147 0.44675404 212 217 162 0.000000 2.000000 0.000000 0.043375 -0.924025 0.379863
-0.33973861 0.02612188 0.44307530 209 216 158 0.000000 2.000000 0.000000 -0.426315 -0.860270 0.279626
-0.33575261 0.02721929 0.44752106 213 220 164 0.000000 2.000000 0.000000 0.001375 -0.768784 0.639507
-0.33572668 0.02742301 0.44792524 215 220 162 0.000000 2.000000 0.000000 0.029379 -0.782031 0.622547
-0.33942249 0.02513794 0.44143215 200 209 152 0.000000 2.000000 0.000000 -0.523821 -0.775255 0.352975
-0.34226015 0.02488111 0.43818405 190 199 129 0.000000 1.000000 0.000000 -0.635314 -0.381189 0.671618
-0.33606887 0.02721431 0.44771338 214 221 165 0.000000 2.000000 0.000000 -0.018042 -0.784115 0.620353
-0.33613881 0.02740730 0.44795960 215 221 163 0.000000 2.000000 0.000000 -0.006892 -0.778829 0.627199
-0.34044352 0.02503885 0.44010681 198 207 150 0.000000 2.000000 0.000000 -0.636243 -0.701001 0.322169
-0.34281719 0.02520519 0.43763265 188 197 125 0.000000 1.000000 0.000000 -0.642485 -0.478089 0.598869
-0.33921519 0.02577883 0.44321463 207 214 157 0.000000 2.000000 0.000000 -0.493088 -0.799472 0.343087
-0.34272131 0.02521592 0.43779060 189 198 127 0.000000 1.000000 0.000000 -0.618056 -0.490066 0.614688
-0.34110695 0.02477896 0.43900907 189 199 133 0.000000 2.000000 0.000000 -0.637890 -0.405930 0.654459
-0.33728445 0.02633578 0.44569162 210 216 163 0.000000 2.000000 0.000000 -0.082791 -0.916130 0.392239
-0.34094098 0.02558563 0.44037163 203 210 149 0.000000 2.000000 0.000000 -0.591465 -0.748548 0.299740
-0.33752036 0.02572210 0.44457528 207 214 160 0.000000 2.000000 0.000000 -0.253800 -0.858664 0.445289
-0.34059379 0.02584053 0.44166166 208 215 156 0.000000 2.000000 0.000000 -0.434845 -0.833585 0.340655
-0.34128818 0.02533072 0.43908158 199 209 145 0.000000 2.000000 0.000000 -0.685442 -0.423215 0.592501
-0.33738047 0.02533611 0.44408286 203 211 153 0.000000 1.000000 0.000000 -0.326890 -0.839905 0.433247
-0.34146455 0.02493976 0.43878147 191 200 134 0.000000 1.000000 0.000000 -0.658493 -0.333311 0.674752
-0.33774060 0.02671678 0.44637635 212 217 161 0.000000 2.000000 0.000000 0.019381 -0.926419 0.375994
-0.33535102 0.02666177 0.44709831 211 218 164 0.000000 1.000000 0.000000 -0.070967 -0.705324 0.705324
-0.33819419 0.02587792 0.44453999 209 216 161 0.000000 2.000000 0.000000 -0.288478 -0.880537 0.376078
-0.34164575 0.02549152 0.43885398 199 208 144 0.000000 1.000000 0.000000 -0.640168 -0.492308 0.589761
-0.33605078 0.02661386 0.44665885 210 216 162 0.000000 2.000000 0.000000 -0.142375 -0.884451 0.444383
-0.34277302 0.02579740 0.43843311 198 205 138 0.000000 1.000000 0.000000 -0.599543 -0.579277 0.552255
-0.34082702 0.02499591 0.43947503 195 205 141 0.000000 2.000000 0.000000 -0.657119 -0.576449 0.485696
-0.33904937 0.02559657 0.44312635 207 212 155 0.000000 2.000000 0.000000 -0.543165 -0.748687 0.380052
-0.33749443 0.02592583 0.44497946 209 215 163 0.000000 2.000000 0.000000 -0.148759 -0.882444 0.446277
-0.34047198 0.02605500 0.44222379 210 216 157 0.000000 2.000000 0.000000 -0.417545 -0.842909 0.339353
-0.34100056 0.02536293 0.43955544 199 209 146 0.000000 2.000000 0.000000 -0.663774 -0.620521 0.417562
-0.34245962 0.02504440 0.43786028 189 198 127 0.000000 1.000000 0.000000 -0.644037 -0.402316 0.650660
-0.33960909 0.02615159 0.44364527 209 217 158 0.000000 2.000000 0.000000 -0.374547 -0.902119 0.214235
-0.34029579 0.02545704 0.44107309 204 213 156 0.000000 2.000000 0.000000 -0.519222 -0.774790 0.360706
-0.34280667 0.02577842 0.43802106 196 203 135 0.000000 1.000000 0.000000 -0.642750 -0.528033 0.555026
-0.33807239 0.02609238 0.44510210 210 216 161 0.000000 2.000000 0.000000 -0.188981 -0.904511 0.382290
-0.34152395 0.02570598 0.43941608 202 211 149 0.000000 2.000000 0.000000 -0.634072 -0.676893 0.373856
-0.33710307 0.02677294 0.44706994 213 218 163 0.000000 2.000000 0.000000 0.020063 -0.884130 0.466810
-0.34075961 0.02602280 0.44174993 209 216 157 0.000000 2.000000 0.000000 -0.417545 -0.842909 0.339353
-0.33932662 0.02514867 0.44159010 201 210 152 0.000000 2.000000 0.000000 -0.520714 -0.786678 0.331655
-0.34081149 0.02561534 0.44094160 206 214 155 0.000000 2.000000 0.000000 -0.493075 -0.806995 0.325017
-0.34102160 0.02421647 0.43877861 186 197 129 0.000000 1.000000 0.000000 -0.602392 -0.375879 0.704158
-0.33677647 0.02636222 0.44581521 209 215 163 0.000000 2.000000 0.000000 -0.103071 -0.916649 0.386174
-0.33526284 0.02685726 0.44724837 211 218 165 0.000000 2.000000 0.000000 0.004150 -0.726201 0.687470
-0.34188151 0.02586677 0.43918845 202 211 148 0.000000 1.000000 0.000000 -0.544248 -0.707356 0.451044
-0.34102160 0.02421647 0.43877861 186 197 129 0.000000 1.000000 0.000000 -0.602392 -0.375879 0.704158
-0.33655876 0.02658742 0.44653526 211 217 163 0.000000 2.000000 0.000000 -0.057175 -0.921449 0.384269
-0.33714709 0.02716966 0.44772032 216 221 164 0.000000 2.000000 0.000000 0.049662 -0.776154 0.628585
-0.33886802 0.02603373 0.44450468 210 217 162 0.000000 2.000000 0.000000 -0.317569 -0.902485 0.290981
-0.34216917 0.02583457 0.43871462 198 205 140 0.000000 1.000000 0.000000 -0.527439 -0.631916 0.567882
-0.33841187 0.02565272 0.44381994 209 216 160 0.000000 2.000000 0.000000 -0.384838 -0.840361 0.381697
-0.33508649 0.02724822 0.44754851 213 219 163 0.000000 2.000000 0.000000 0.049877 -0.739599 0.671197
-0.34184790 0.02588575 0.43960050 203 212 149 0.000000 2.000000 0.000000 -0.596153 -0.751947 0.281384
-0.33841187 0.02565272 0.44381994 209 216 159 0.000000 2.000000 0.000000 -0.386478 -0.834477 0.392788
-0.34200618 0.02489433 0.43824583 190 198 130 0.000000 1.000000 0.000000 -0.678043 -0.276003 0.681234
-0.33207092 0.03281339 0.45336410 225 228 179 0.000000 1.000000 0.000000 0.314543 -0.544462 0.777575
-0.33325824 0.03241573 0.45389500 226 228 181 0.000000 1.000000 0.000000 0.088869 -0.400595 0.911935
-0.33325824 0.03241573 0.45389500 226 228 181 0.000000 1.000000 0.000000 0.088869 -0.400595 0.911935
-0.33393830 0.02709988 0.44729534 209 216 163 0.000000 1.000000 0.000000 0.110950 -0.711561 0.693809
-0.33157942 0.02877279 0.44943660 210 216 170 0.000000 1.000000 0.000000 0.241844 -0.901420 0.359102
-0.33340693 0.02854992 0.45034423 212 219 169 0.000000 1.000000 0.000000 0.003992 -0.874150 0.485639
-0.33157942 0.02877279 0.44943660 210 216 170 0.000000 1.000000 0.000000 0.241844 -0.901420 0.359102
-0.33461466 0.02847557 0.44978118 216 221 166 0.000000 1.000000 0.000000 -0.162527 -0.748840 0.642514
-0.33297092 0.03047007 0.45146719 218 224 172 0.000000 1.000000 0.000000 0.089799 -0.931496 0.352494
-0.33362162 0.03007164 0.45145550 219 225 173 0.000000 1.000000 0.000000 -0.260334 -0.947289 0.186732
-0.33475456 0.02886155 0.45027360 218 223 166 0.000000 1.000000 0.000000 -0.155363 -0.761729 0.628992
-0.33325824 0.03241573 0.45389500 225 228 181 0.000000 1.000000 0.000000 0.088869 -0.400595 0.911935
-0.33265924 0.03339563 0.45454916 226 228 179 0.000000 1.000000 0.000000 -0.023780 -0.653253 0.756766
-0.33347121 0.03025888 0.45135149 218 224 172 0.000000 2.000000 0.000000 -0.126936 -0.959218 0.252564
-0.33265924 0.03339563 0.45454916 225 227 179 0.000000 1.000000 0.000000 -0.023780 -0.653253 0.756766
-0.32993594 0.02878944 0.44822097 209 216 166 0.000000 1.000000 0.000000 0.295562 -0.886685 0.355574
-0.33256963 0.02793470 0.44814277 210 217 165 0.000000 1.000000 0.000000 0.039751 -0.864930 0.500316
-0.33207092 0.03281339 0.45336410 225 229 179 0.000000 1.000000 0.000000 0.314543 -0.544462 0.777575
-0.33325824 0.03241573 0.45389500 226 228 180 0.000000 1.000000 0.000000 0.088869 -0.400595 0.911935
-0.33381337 0.03005017 0.45113963 220 225 173 0.000000 2.000000 0.000000 -0.163346 -0.957502 0.237715
-0.33382675 0.02871896 0.45037070 215 221 169 0.000000 1.000000 0.000000 -0.112616 -0.814638 0.568931
-0.33277190 0.02734001 0.44743848 208 214 164 0.000000 2.000000 0.000000 0.076799 -0.737558 0.670902
-0.33325824 0.03241573 0.45389500 226 228 181 0.000000 1.000000 0.000000 0.088869 -0.400595 0.911935
-0.33415839 0.02908348 0.45054725 217 223 170 0.000000 2.000000 0.000000 -0.211782 -0.777566 0.592063
-0.33297092 0.03047007 0.45146719 218 224 172 0.000000 1.000000 0.000000 0.089799 -0.931496 0.352494
-0.33550602 0.02939511 0.45047665 217 221 162 0.000000 1.000000 0.000000 -0.203730 -0.571364 0.795008
-0.33207092 0.03281339 0.45336410 225 228 179 0.000000 1.000000 0.000000 0.314543 -0.544462 0.777575
-0.33268371 0.02753549 0.44758853 208 215 164 0.000000 2.000000 0.000000 0.052630 -0.772377 0.632980
-0.33256963 0.02793470 0.44814277 210 217 164 0.000000 1.000000 0.000000 0.031610 -0.847960 0.529116
-0.33273813 0.02834791 0.44930136 211 218 167 0.000000 1.000000 0.000000 0.184337 -0.895559 0.404961
-0.32993594 0.02878944 0.44822097 209 216 167 0.000000 1.000000 0.000000 0.295562 -0.886685 0.355574
-0.33556840 0.02841443 0.44927990 218 223 166 0.000000 1.000000 0.000000 -0.171640 -0.834322 0.523876
-0.33265924 0.03339563 0.45454916 226 228 179 0.000000 1.000000 0.000000 -0.023780 -0.653253 0.756766
-0.33457822 0.02925252 0.45057374 217 223 167 0.000000 2.000000 0.000000 -0.217055 -0.698012 0.682397
-0.33342406 0.03259799 0.45398328 226 228 180 0.000000 2.000000 0.000000 0.111459 -0.441603 0.890260
-0.33545446 0.02782472 0.44838330 215 221 162 0.000000 2.000000 0.000000 0.017826 -0.829590 0.558088
-0.33207092 0.03281339 0.45336410 224 228 179 0.000000 1.000000 0.000000 0.314543 -0.544462 0.777575
-0.33265924 0.03339563 0.45454916 226 227 178 0.000000 1.000000 0.000000 -0.023780 -0.653253 0.756766
-0.33409643 0.02709739 0.44739151 210 217 164 0.000000 1.000000 0.000000 0.110958 -0.705693 0.699775
-0.33270964 0.02733176 0.44718438 208 216 165 0.000000 2.000000 0.000000 0.133455 -0.727252 0.673271
-0.33359614 0.02730858 0.44750720 209 216 163 0.000000 1.000000 0.000000 0.104789 -0.733524 0.671536
-0.33544660 0.02862889 0.44984201 218 223 166 0.000000 1.000000 0.000000 -0.185203 -0.769892 0.610710
-0.33289623 0.02834542 0.44939750 212 218 167 0.000000 1.000000 0.000000 0.208477 -0.879744 0.427304
-0.33457538 0.03001050 0.45095426 219 223 169 0.000000 3.000000 0.000000 -0.148296 -0.792411 0.591687
-0.33415082 0.02790981 0.44910431 213 219 166 0.000000 1.000000 0.000000 -0.018879 -0.945191 0.325971
-0.33396411 0.02788508 0.44834203 214 219 164 0.000000 1.000000 0.000000 0.074846 -0.910405 0.406892
-0.33366609 0.02750158 0.44775343 211 216 162 0.000000 1.000000 0.000000 0.104274 -0.762225 0.638859
-0.33311659 0.02835118 0.44974774 212 219 167 0.000000 1.000000 0.000000 0.145561 -0.883455 0.445331
-0.32993594 0.02878944 0.44822097 209 215 167 0.000000 1.000000 0.000000 0.295562 -0.886685 0.355574
-0.33651447 0.02816855 0.44878653 218 222 161 0.000000 2.000000 0.000000 -0.211782 -0.777566 0.592063
-0.33208486 0.02752647 0.44679189 210 218 171 0.000000 1.000000 0.000000 0.276559 -0.692196 0.666618
-0.33199167 0.02776815 0.44802013 209 215 167 0.000000 1.000000 0.000000 -0.011994 -0.880921 0.473112
-0.33208486 0.02752647 0.44679189 211 219 171 0.000000 1.000000 0.000000 0.276559 -0.692196 0.666618
-0.33265924 0.03339563 0.45454916 225 228 178 0.000000 1.000000 0.000000 -0.023780 -0.653253 0.756766
-0.33321720 0.03027210 0.45141327 218 225 172 0.000000 2.000000 0.000000 -0.038922 -0.955461 0.292539
-0.33504233 0.02784043 0.44834894 215 221 162 0.000000 2.000000 0.000000 0.060569 -0.832468 0.550753
-0.33409643 0.02709739 0.44739151 210 217 163 0.000000 1.000000 0.000000 0.120418 -0.721022 0.682369
-0.33289623 0.02834542 0.44939750 212 219 166 0.000000 1.000000 0.000000 0.204556 -0.884448 0.419414
-0.33552426 0.02900664 0.45008036 218 223 165 0.000000 1.000000 0.000000 -0.196542 -0.691766 0.694861
-0.32993594 0.02878944 0.44822097 209 216 167 0.000000 1.000000 0.000000 0.295562 -0.886685 0.355574
-0.33348203 0.02770779 0.44806144 212 217 162 0.000000 1.000000 0.000000 0.078872 -0.810228 0.580783
-0.33398232 0.02749660 0.44794574 212 217 161 0.000000 1.000000 0.000000 0.129496 -0.763580 0.632595
-0.33627871 0.02779329 0.44845203 217 221 161 0.000000 2.000000 0.000000 -0.132722 -0.762036 0.633787
-0.33467126 0.02999977 0.45079631 219 223 169 0.000000 3.000000 0.000000 -0.126280 -0.765107 0.631399
-0.33410665 0.02850201 0.44990474 214 219 166 0.000000 1.000000 0.000000 -0.109788 -0.797791 0.592854
-0.33157942 0.02877279 0.44943660 210 216 170 0.000000 1.000000 0.000000 0.241844 -0.901420 0.359102
-0.33207092 0.03281339 0.45336410 225 229 179 0.000000 1.000000 0.000000 0.314543 -0.544462 0.777575
-0.33192173 0.02757516 0.44777393 208 214 167 0.000000 2.000000 0.000000 -0.097943 -0.782081 0.615432
-0.33515644 0.02744122 0.44779471 214 219 163 0.000000 2.000000 0.000000 0.061739 -0.759528 0.647538
-0.33194751 0.02836036 0.44882059 210 217 168 0.000000 1.000000 0.000000 0.143489 -0.936097 0.321143
-0.33479872 0.02826935 0.44947317 216 221 167 0.000000 1.000000 0.000000 -0.171857 -0.758907 0.628113
-0.33624223 0.02857025 0.44924459 218 223 163 0.000000 2.000000 0.000000 -0.227428 -0.799866 0.555420
-0.33229899 0.03300389 0.45370647 225 228 179 0.000000 2.000000 0.000000 0.242154 -0.573357 0.782703
-0.34436077 0.03386867 0.45099336 167 153 59 0.000000 2.000000 0.000000 -0.700373 -0.550650 0.454161
-0.33871511 0.02748705 0.44799995 218 223 165 0.000000 2.000000 0.000000 0.096961 -0.571634 0.814759
-0.34430715 0.03059756 0.44814688 227 230 162 0.000000 2.000000 0.000000 -0.672649 -0.481422 0.561939
-0.34206310 0.02692663 0.44247976 218 221 163 0.000000 2.000000 0.000000 -0.437690 -0.858604 0.266884
-0.34254482 0.02659582 0.43954155 204 212 148 0.000000 2.000000 0.000000 -0.620637 -0.746336 0.240399
-0.35316440 0.02670613 0.44381171 213 216 136 0.000000 1.000000 0.000000 0.419900 -0.458810 0.783057
-0.34254491 0.03156772 0.45178244 231 232 170 0.000000 3.000000 0.000000 -0.507761 -0.789672 0.344380
-0.35250646 0.03353789 0.44685179 236 236 161 0.000000 2.000000 0.000000 -0.661148 -0.210012 0.720263
-0.34932941 0.03075949 0.44381079 224 229 159 0.000000 2.000000 0.000000 0.034650 -0.940682 0.337516
-0.34791356 0.03393343 0.44729000 231 230 161 0.000000 2.000000 0.000000 -0.517423 -0.557873 0.648885
-0.34495547 0.02799032 0.44416323 218 224 156 0.000000 2.000000 0.000000 -0.423590 -0.905831 -0.006517
-0.34549174 0.02748300 0.44148701 212 217 142 0.000000 1.000000 0.000000 -0.098280 -0.981586 0.163800
-0.34820795 0.02794873 0.44201979 209 215 134 0.000000 2.000000 0.000000 0.046156 -0.826617 0.560869
-0.34487700 0.02758531 0.43893814 202 207 129 0.000000 1.000000 0.000000 -0.067895 -0.954373 0.290796
-0.36605144 0.02906376 0.45082366 221 225 146 0.000000 1.000000 0.000000 0.052784 -0.748959 0.660511
-0.35352007 0.03127620 0.44263268 221 225 146 0.000000 1.000000 0.000000 -0.243296 -0.969552 -0.027840
-0.35165170 0.03085246 0.44391292 225 228 156 0.000000 2.000000 0.000000 -0.163837 -0.922811 0.348680
-0.33879557 0.02710681 0.44785777 217 222 166 0.000000 2.000000 0.000000 0.089123 -0.714446 0.693991
-0.34542876 0.03241939 0.44848704 232 233 169 0.000000 2.000000 0.000000 -0.663717 -0.446379 0.600188
-0.33932415 0.02641474 0.44518942 212 217 160 0.000000 2.000000 0.000000 -0.155115 -0.974827 0.160159
-0.34245244 0.02686476 0.44575655 217 222 165 0.000000 2.000000 0.000000 -0.319933 -0.947253 -0.018820
-0.34569910 0.02932806 0.44582498 224 229 158 0.000000 2.000000 0.000000 -0.681274 -0.537319 0.497146
-0.34866893 0.02927247 0.44307718 220 224 149 0.000000 2.000000 0.000000 -0.123466 -0.739306 0.661954
-0.35429999 0.02572699 0.44370010 211 215 131 0.000000 1.000000 0.000000 0.436507 -0.702062 0.562646
-0.34852591 0.03162232 0.44586691 231 235 168 0.000000 4.000000 0.000000 -0.004058 -0.845321 0.534243
-0.35156888 0.03150984 0.44620362 230 233 163 0.000000 2.000000 0.000000 -0.285936 -0.820310 0.495311
-0.36595556 0.02907449 0.45098162 221 225 146 0.000000 1.000000 0.000000 0.070769 -0.732241 0.677359
-0.35412943 0.03071199 0.44304094 221 224 145 0.000000 1.000000 0.000000 0.029558 -0.657320 0.753032
-0.34498772 0.03438574 0.45068818 173 164 90 0.000000 1.000000 0.000000 -0.638691 -0.618575 0.457645
-0.34238991 0.02883437 0.44840410 225 228 172 0.000000 2.000000 0.000000 -0.336584 -0.720323 0.606502
-0.34524754 0.03186763 0.44841453 231 233 170 0.000000 2.000000 0.000000 -0.667613 -0.470174 0.577260
-0.34536746 0.02896354 0.44564843 223 229 158 0.000000 2.000000 0.000000 -0.665752 -0.578551 0.471225
-0.35414189 0.02572948 0.44360396 209 214 130 0.000000 1.000000 0.000000 0.430001 -0.736439 0.522262
-0.34471118 0.02740305 0.43884990 202 207 129 0.000000 1.000000 0.000000 -0.130741 -0.942145 0.308657
-0.33880031 0.02903847 0.44968122 220 225 159 0.000000 2.000000 0.000000 -0.041584 -0.980187 0.193661
-0.34138429 0.02930296 0.44971371 220 225 161 0.000000 2.000000 0.000000 -0.391039 -0.812404 0.432537
-0.35400951 0.03361608 0.44580701 231 232 159 0.000000 2.000000 0.000000 -0.439014 0.028022 0.898043
-0.35396361 0.03052973 0.44295266 220 223 145 0.000000 2.000000 0.000000 0.023774 -0.633516 0.773365
-0.34444231 0.02905189 0.44681585 224 227 164 0.000000 2.000000 0.000000 -0.548784 -0.602818 0.579178
-0.35070813 0.02983227 0.44080701 213 215 134 0.000000 1.000000 0.000000 -0.165958 -0.979767 0.111868
-0.35114369 0.03087891 0.44403651 225 229 156 0.000000 2.000000 0.000000 -0.111458 -0.938666 0.326317
-0.34181938 0.03083043 0.45117524 229 231 173 0.000000 4.000000 0.000000 -0.533517 -0.694074 0.483343
-0.35414454 0.03305934 0.44592682 228 230 156 0.000000 2.000000 0.000000 -0.390312 -0.490724 0.779004
-0.34803522 0.03470790 0.44817874 183 172 53 0.000000 1.000000 0.000000 -0.282478 -0.825585 0.488484
-0.34545919 0.03016435 0.43911630 217 222 147 0.000000 1.000000 0.000000 0.215800 -0.918936 0.330131
-0.34889117 0.02948191 0.43951097 217 220 138 0.000000 1.000000 0.000000 -0.028282 -0.989868 0.139147
-0.33945116 0.02765111 0.44821873 217 221 162 0.000000 2.000000 0.000000 0.038715 -0.420521 0.906456
-0.34567994 0.03316415 0.44880578 230 231 167 0.000000 2.000000 0.000000 -0.573880 -0.496465 0.651295
-0.34603843 0.02987733 0.44599363 226 231 162 0.000000 2.000000 0.000000 -0.676522 -0.538868 0.501936
-0.34297234 0.02694960 0.43956015 206 213 144 0.000000 2.000000 0.000000 -0.591413 -0.788046 0.170920
-0.34465608 0.03402121 0.45051163 187 176 97 0.000000 2.000000 0.000000 -0.636908 -0.593215 0.492386
-0.34182250 0.02809460 0.44789308 221 225 168 0.000000 2.000000 0.000000 -0.363515 -0.518615 0.773883
-0.34483054 0.03094061 0.44800752 229 231 166 0.000000 2.000000 0.000000 -0.656200 -0.471591 0.589070
-0.34763363 0.03415038 0.44775596 229 226 147 0.000000 2.000000 0.000000 -0.548596 -0.612740 0.568852
-0.34488821 0.02802828 0.44498733 221 226 161 0.000000 2.000000 0.000000 -0.604567 -0.687385 0.402493
-0.34758773 0.03106402 0.44490159 228 233 163 0.000000 2.000000 0.000000 -0.438468 -0.655201 0.615189
-0.34511593 0.02771069 0.44211093 213 219 148 0.000000 2.000000 0.000000 -0.070088 -0.934947 0.347795
-0.34769994 0.02797518 0.44214338 211 218 140 0.000000 2.000000 0.000000 -0.154070 -0.809239 0.566916
-0.34487700 0.02758531 0.43893814 202 208 129 0.000000 1.000000 0.000000 -0.067895 -0.954373 0.290796
-0.34382746 0.03262908 0.45183823 225 218 130 0.000000 3.000000 0.000000 -0.854507 -0.517674 0.042794
-0.34972581 0.03235213 0.44676256 232 236 169 0.000000 4.000000 0.000000 0.125666 -0.586932 0.799824
-0.33951828 0.02860208 0.44884548 220 225 160 0.000000 2.000000 0.000000 -0.045822 -0.845622 0.531812
-0.34557351 0.03374811 0.44935212 231 231 171 0.000000 2.000000 0.000000 -0.534848 -0.582090 0.612460
-0.34584385 0.03065678 0.44669005 228 233 169 0.000000 2.000000 0.000000 -0.641037 -0.509801 0.573737
-0.34582072 0.02761658 0.44059327 206 211 128 0.000000 2.000000 0.000000 -0.154417 -0.975463 -0.156928
-0.35645160 0.03179388 0.44459391 221 227 146 0.000000 1.000000 0.000000 0.299055 0.281550 0.911754
-0.34200352 0.02714933 0.44329599 219 222 165 0.000000 2.000000 0.000000 -0.398094 -0.916542 -0.038355
-0.34795097 0.02970886 0.44391292 223 230 159 0.000000 2.000000 0.000000 -0.326476 -0.635086 0.700056
-0.34257343 0.02662304 0.44020769 205 214 151 0.000000 2.000000 0.000000 -0.515087 -0.856657 -0.028692
-0.35316440 0.02670613 0.44381171 213 216 136 0.000000 1.000000 0.000000 0.419900 -0.458810 0.783057
-0.34002629 0.02857563 0.44872189 219 224 159 0.000000 2.000000 0.000000 -0.073809 -0.754010 0.652703
-0.34593111 0.03390890 0.44912449 230 229 168 0.000000 2.000000 0.000000 -0.496161 -0.607167 0.620622
-0.34289211 0.03131281 0.45049238 231 233 173 0.000000 4.000000 0.000000 -0.499186 -0.696189 0.515881
-0.35173172 0.03343901 0.44812322 231 231 146 0.000000 1.000000 0.000000 -0.484167 -0.564583 0.668452
-0.35183308 0.03041529 0.44253463 222 226 150 0.000000 1.000000 0.000000 -0.157309 -0.925754 0.343851
-0.35514542 0.03065910 0.44279376 217 222 143 0.000000 1.000000 0.000000 0.054774 -0.915119 0.399446
-0.34540001 0.03338110 0.44927171 232 232 171 0.000000 2.000000 0.000000 -0.607414 -0.499729 0.617510
-0.34285390 0.02841120 0.44763014 223 226 169 0.000000 2.000000 0.000000 -0.496161 -0.607167 0.620622
-0.34564927 0.03143622 0.44738647 230 234 173 0.000000 2.000000 0.000000 -0.618332 -0.467519 0.631737
-0.34661400 0.02783508 0.44214433 214 219 144 0.000000 2.000000 0.000000 -0.180865 -0.912869 0.366002
-0.34684172 0.02751749 0.43926790 204 208 127 0.000000 1.000000 0.000000 0.144232 -0.980037 0.136835
-0.34996647 0.03367012 0.44746971 230 226 137 0.000000 1.000000 0.000000 0.182589 -0.430910 0.883730
-0.34264690 0.02707424 0.44651097 217 222 165 0.000000 2.000000 0.000000 -0.488544 -0.763044 0.423187
-0.34560040 0.03009677 0.44636345 226 231 163 0.000000 2.000000 0.000000 -0.623643 -0.542518 0.562800
-0.34840900 0.03277950 0.44680166 232 236 168 0.000000 3.000000 0.000000 -0.003886 -0.413214 0.910626
-0.34293905 0.02747668 0.44319099 217 222 158 0.000000 2.000000 0.000000 -0.315807 -0.939287 -0.134184
-0.34862477 0.02986468 0.44387764 221 226 152 0.000000 2.000000 0.000000 0.012525 -0.697242 0.716726
-0.34315136 0.02678959 0.44033033 207 214 150 0.000000 2.000000 0.000000 -0.473559 -0.875025 -0.100366
-0.34339255 0.03011269 0.44892588 224 228 168 0.000000 2.000000 0.000000 -0.596656 -0.529046 0.603417
-0.35275275 0.03333992 0.44679788 234 235 166 0.000000 2.000000 0.000000 -0.610527 -0.278961 0.741240
-0.34075493 0.02657709 0.44604692 216 221 165 0.000000 2.000000 0.000000 -0.107625 -0.987550 0.114721
-0.34698370 0.03209013 0.44663393 232 235 173 0.000000 2.000000 0.000000 -0.466655 -0.580392 0.667367
-0.34115618 0.02662651 0.44325089 216 221 164 0.000000 2.000000 0.000000 -0.382023 -0.915466 0.126415
-0.35158414 0.03286827 0.44763866 234 236 163 0.000000 3.000000 0.000000 -0.252173 -0.574829 0.778447
-0.34719950 0.02917530 0.44370991 220 225 157 0.000000 2.000000 0.000000 -0.456696 -0.620638 0.637367
-0.35019562 0.02942408 0.44377673 221 225 150 0.000000 1.000000 0.000000 0.208939 -0.626816 0.750631
-0.35506684 0.03372896 0.44513994 228 230 150 0.000000 1.000000 0.000000 -0.598117 0.198347 0.776476
-0.33933422 0.02880830 0.44915348 221 226 160 0.000000 1.000000 0.000000 -0.040686 -0.965373 0.257679
-0.34211767 0.02923607 0.44886220 224 228 170 0.000000 2.000000 0.000000 -0.356380 -0.782100 0.511187
-0.34996647 0.03367012 0.44746971 229 225 136 0.000000 1.000000 0.000000 0.182589 -0.430910 0.883730
-0.35357714 0.03231956 0.44541577 228 230 157 0.000000 2.000000 0.000000 -0.466655 -0.667367 0.580392
-0.34160197 0.02907777 0.44899365 221 225 164 0.000000 2.000000 0.000000 -0.309882 -0.822682 0.476621
-0.34461004 0.03192379 0.44910809 231 232 169 0.000000 2.000000 0.000000 -0.699747 -0.475961 0.532743
-0.34134012 0.02989517 0.45051414 224 229 168 0.000000 2.000000 0.000000 -0.534788 -0.615765 0.578650
-0.34413552 0.03292018 0.45027047 222 217 144 0.000000 3.000000 0.000000 -0.739433 -0.398408 0.542688
-0.33882150 0.02690309 0.44745359 215 220 166 0.000000 2.000000 0.000000 0.094244 -0.801800 0.590114
-0.34150138 0.02715684 0.44732812 217 222 166 0.000000 2.000000 0.000000 -0.347360 -0.719181 0.601764
-0.34440586 0.02982885 0.44760841 224 227 161 0.000000 2.000000 0.000000 -0.639485 -0.524749 0.561870
-0.34210759 0.02684252 0.44489810 216 220 160 0.000000 2.000000 0.000000 -0.257984 -0.961342 -0.096263
-0.34201908 0.02652991 0.44182938 211 217 156 0.000000 2.000000 0.000000 -0.421530 -0.847727 0.321981
-0.34820512 0.02870671 0.44240034 218 222 148 0.000000 2.000000 0.000000 -0.264324 -0.615701 0.742324
-0.35237220 0.03163594 0.44559830 230 231 161 0.000000 2.000000 0.000000 -0.422415 -0.791421 0.441836
-0.34785980 0.03165125 0.44589436 230 234 168 0.000000 4.000000 0.000000 -0.097628 -0.797052 0.595967
-0.35099095 0.03134329 0.44608098 231 234 165 0.000000 3.000000 0.000000 -0.102444 -0.888314 0.447665
-0.33991486 0.02920579 0.45034641 221 226 163 0.000000 2.000000 0.000000 -0.147915 -0.952786 0.265181
-0.34543347 0.03435105 0.45031050 218 210 135 0.000000 2.000000 0.000000 -0.594263 -0.624566 0.506723
-0.34318554 0.02877573 0.44780669 224 227 167 0.000000 2.000000 0.000000 -0.530298 -0.644775 0.550500
-0.34598091 0.03180074 0.44756302 231 234 173 0.000000 2.000000 0.000000 -0.643835 -0.443159 0.623768
-0.34905985 0.03139214 0.44533917 230 233 164 0.000000 2.000000 0.000000 -0.051492 -0.960768 0.272532
-0.35386491 0.03129844 0.44349113 223 226 146 0.000000 2.000000 0.000000 -0.038303 -0.719240 0.693705
-0.34231699 0.03038828 0.44998923 229 231 173 0.000000 3.000000 0.000000 -0.549008 -0.508714 0.663175
-0.35506684 0.03372896 0.44513994 228 230 150 0.000000 1.000000 0.000000 -0.591827 0.238917 0.769844
-0.34512007 0.03359805 0.44973767 231 229 170 0.000000 2.000000 0.000000 -0.647445 -0.509547 0.566724
-0.34898126 0.03446201 0.44768533 187 176 58 0.000000 1.000000 0.000000 -0.001380 -0.732842 0.680398
-0.35211524 0.03339607 0.44749144 235 234 152 0.000000 2.000000 0.000000 -0.630329 -0.392095 0.670035
-0.34472224 0.02883494 0.44634989 224 228 163 0.000000 2.000000 0.000000 -0.559938 -0.610687 0.559938
-0.35514542 0.03065910 0.44279376 217 222 143 0.000000 1.000000 0.000000 0.054774 -0.915119 0.399446
-0.35364425 0.03327054 0.44604251 230 232 161 0.000000 2.000000 0.000000 -0.453234 -0.210911 0.866081
-0.35210752 0.03321132 0.44749933 234 234 158 0.000000 3.000000 0.000000 -0.531637 -0.501450 0.682576
-0.34498772 0.03438574 0.45068818 173 164 90 0.000000 1.000000 0.000000 -0.638691 -0.618575 0.457645
-0.34171608 0.02867856 0.44843942 223 226 168 0.000000 2.000000 0.000000 -0.289546 -0.740662 0.606287
-0.34300619 0.03091360 0.44993818 229 232 171 0.000000 3.000000 0.000000 -0.506838 -0.611237 0.607869
-0.34581700 0.03430811 0.44967872 234 233 174 0.000000 2.000000 0.000000 -0.552085 -0.609489 0.568969
-0.34322971 0.02818352 0.44700626 221 225 169 0.000000 2.000000 0.000000 -0.607318 -0.549800 0.573484
-0.34592152 0.03103452 0.44692838 230 234 173 0.000000 2.000000 0.000000 -0.651685 -0.470754 0.594725
-0.34952667 0.03021100 0.44418469 223 229 154 0.000000 1.000000 0.000000 0.089313 -0.698400 0.710113
-0.34698981 0.02760739 0.44152042 210 214 135 0.000000 2.000000 0.000000 -0.165958 -0.979767 0.111868
-0.34693760 0.02750675 0.43910998 204 209 128 0.000000 1.000000 0.000000 0.140549 -0.981399 0.130772
-0.35144958 0.03045823 0.44316640 223 226 156 0.000000 2.000000 0.000000 -0.157914 -0.937873 0.308962
-0.35397130 0.03071448 0.44294477 220 223 145 0.000000 2.000000 0.000000 0.009709 -0.667169 0.744843
-0.34356591 0.03146863 0.45045710 232 233 172 0.000000 4.000000 0.000000 -0.489311 -0.693051 0.529391
-0.34488997 0.03170684 0.44864213 230 232 169 0.000000 2.000000 0.000000 -0.687630 -0.473478 0.550439
-0.34711024 0.03380733 0.44789532 232 232 163 0.000000 2.000000 0.000000 -0.625652 -0.564942 0.537960
-0.34722245 0.03071848 0.44513708 228 233 163 0.000000 2.000000 0.000000 -0.580251 -0.546417 0.603935
-0.34444213 0.02755487 0.44214621 213 219 148 0.000000 2.000000 0.000000 -0.109691 -0.933050 0.342615
-0.34728783 0.02799089 0.44210902 213 219 143 0.000000 2.000000 0.000000 -0.227188 -0.840139 0.492495
-0.34468526 0.02760678 0.43925405 201 206 124 0.000000 1.000000 0.000000 -0.129768 -0.967477 0.217136
-0.34758946 0.03474259 0.44855639 190 181 72 0.000000 2.000000 0.000000 -0.470451 -0.744469 0.473753
-0.34484404 0.02862048 0.44578779 223 228 161 0.000000 2.000000 0.000000 -0.615422 -0.608677 0.500768
-0.34775937 0.02874140 0.44277799 218 222 148 0.000000 2.000000 0.000000 -0.401880 -0.679723 0.613570
-0.35429999 0.02572699 0.44370010 210 214 130 0.000000 1.000000 0.000000 0.431408 -0.722320 0.540500
-0.35335881 0.03401452 0.44581869 234 235 165 0.000000 1.000000 0.000000 -0.394296 0.485163 0.780479
-0.34996647 0.03367012 0.44746971 230 226 137 0.000000 1.000000 0.000000 0.182589 -0.430910 0.883730
-0.34436846 0.03405342 0.45098546 162 147 58 0.000000 2.000000 0.000000 -0.654037 -0.610546 0.446619
-0.33829245 0.02807599 0.44835398 219 224 160 0.000000 1.000000 0.000000 0.083795 -0.344490 0.935043
-0.34148031 0.02830330 0.44810492 222 226 167 0.000000 2.000000 0.000000 -0.259891 -0.590661 0.763922
-0.34730184 0.03477478 0.44903025 193 183 79 0.000000 1.000000 0.000000 -0.606777 -0.593255 0.529028
-0.34373945 0.03183563 0.45053747 233 232 168 0.000000 3.000000 0.000000 -0.752285 -0.462565 0.469149
-0.35288790 0.03179425 0.44546685 228 231 158 0.000000 2.000000 0.000000 -0.482432 -0.731108 0.482432
-0.35352007 0.03127620 0.44263268 222 226 147 0.000000 2.000000 0.000000 -0.243910 -0.969630 -0.018023
-0.34455061 0.03115756 0.44847348 229 231 165 0.000000 2.000000 0.000000 -0.678253 -0.470590 0.564374
-0.34709200 0.03419580 0.44829160 225 221 137 0.000000 2.000000 0.000000 -0.574453 -0.645206 0.503699
-0.34467053 0.02825347 0.44570738 222 226 163 0.000000 2.000000 0.000000 -0.575663 -0.629684 0.521642
-0.35222164 0.03281211 0.44694510 232 233 163 0.000000 2.000000 0.000000 -0.607011 -0.456512 0.650488
-0.34058866 0.02936161 0.45031112 222 228 165 0.000000 2.000000 0.000000 -0.354496 -0.856055 0.376169
-0.34615633 0.03485738 0.44984740 229 225 169 0.000000 1.000000 0.000000 -0.534788 -0.615765 0.578650
-0.34370893 0.02911878 0.44766736 224 227 165 0.000000 2.000000 0.000000 -0.571720 -0.639179 0.514379
-0.34740368 0.03127024 0.44520959 229 233 165 0.000000 2.000000 0.000000 -0.382453 -0.766533 0.515904
-0.34751588 0.02818140 0.44245139 214 220 145 0.000000 2.000000 0.000000 -0.294179 -0.771227 0.564506
-0.34515226 0.02792266 0.44276917 215 221 151 0.000000 2.000000 0.000000 -0.125416 -0.954478 0.270633
-0.34554580 0.02778733 0.43998104 200 204 116 0.000000 1.000000 0.000000 -0.121913 -0.992081 0.030199
-0.35101688 0.03113956 0.44567680 230 233 165 0.000000 1.000000 0.000000 -0.113542 -0.944402 0.308567
-0.35335881 0.03401452 0.44581869 235 236 166 0.000000 1.000000 0.000000 -0.394296 0.485163 0.780479
-0.33906782 0.02670511 0.44739968 214 219 164 0.000000 1.000000 0.000000 0.136321 -0.735535 0.663630
-0.34779945 0.03433264 0.44784424 217 212 119 0.000000 2.000000 0.000000 -0.459138 -0.692881 0.555975
-0.34882599 0.03370652 0.44720867 219 216 130 0.000000 1.000000 0.000000 0.086798 -0.525054 0.846631
-0.34521985 0.02839280 0.44516388 222 227 160 0.000000 2.000000 0.000000 -0.655654 -0.595287 0.464491
-0.34803158 0.02833970 0.44231993 215 220 145 0.000000 2.000000 0.000000 -0.226863 -0.636781 0.736914
-0.35440642 0.02514303 0.44315377 206 211 129 0.000000 1.000000 0.000000 0.410441 -0.835035 0.366409
-0.35191575 0.03074684 0.44169477 218 222 145 0.000000 1.000000 0.000000 -0.243296 -0.969552 -0.027840
-0.35506684 0.03372896 0.44513994 228 230 150 0.000000 1.000000 0.000000 -0.591827 0.238917 0.769844
-0.35109437 0.03250623 0.44736597 233 237 168 0.000000 3.000000 0.000000 -0.044065 -0.660979 0.749110
-0.35386476 0.03228737 0.44494194 227 229 153 0.000000 2.000000 0.000000 -0.392527 -0.786669 0.476524
-0.33820426 0.02827147 0.44850406 219 224 160 0.000000 2.000000 0.000000 0.029392 -0.625619 0.779575
-0.34427068 0.03137451 0.44893944 229 232 167 0.000000 2.000000 0.000000 -0.669054 -0.498017 0.551676
-0.35106844 0.03270996 0.44777015 237 240 171 0.000000 2.000000 0.000000 -0.192680 -0.710605 0.676694
-0.35381290 0.03269482 0.44575027 228 230 156 0.000000 2.000000 0.000000 -0.432107 -0.615627 0.659005
-0.34545919 0.03016435 0.43911630 217 222 147 0.000000 1.000000 0.000000 0.215800 -0.918936 0.330131
-0.35077307 0.03007146 0.44213140 217 220 147 0.000000 2.000000 0.000000 -0.057317 -0.954015 0.294229
-0.35378239 0.02997796 0.44288015 217 220 143 0.000000 1.000000 0.000000 0.025985 -0.518339 0.854780
-0.34889117 0.02948191 0.43951097 217 220 138 0.000000 1.000000 0.000000 -0.028282 -0.989868 0.139147
-0.34170824 0.02948273 0.44989812 222 226 164 0.000000 2.000000 0.000000 -0.471666 -0.729841 0.494836
-0.34457356 0.03270074 0.44990066 228 226 162 0.000000 2.000000 0.000000 -0.705845 -0.358655 0.610859
-0.34283254 0.03153551 0.45130861 231 233 172 0.000000 3.000000 0.000000 -0.531373 -0.726707 0.435362
-0.35266677 0.03424718 0.44625029 239 240 170 0.000000 2.000000 0.000000 -0.550316 0.483408 0.680786
-0.34911674 0.03093849 0.44345266 225 230 162 0.000000 1.000000 0.000000 0.003345 -0.988939 0.148285
-0.35277128 0.03097359 0.44349995 224 227 153 0.000000 2.000000 0.000000 -0.221266 -0.828604 0.514253
-0.33786979 0.02866493 0.44870803 218 223 158 0.000000 2.000000 0.000000 -0.084397 -0.931048 0.355004
-0.34085822 0.02872896 0.44878274 220 224 161 0.000000 2.000000 0.000000 -0.183306 -0.804424 0.565067
-0.34151962 0.02676837 0.44693184 216 220 163 0.000000 2.000000 0.000000 -0.292209 -0.848797 0.440633
-0.34468579 0.02961190 0.44714245 223 226 161 0.000000 2.000000 0.000000 -0.638903 -0.507414 0.578216
-0.34798145 0.03242572 0.44678307 231 234 168 0.000000 3.000000 0.000000 -0.119635 -0.500163 0.857627
-0.34207863 0.02630720 0.44101319 209 216 155 0.000000 2.000000 0.000000 -0.429413 -0.894257 0.126131
-0.34004450 0.02818716 0.44832560 218 223 160 0.000000 2.000000 0.000000 -0.089339 -0.408209 0.908506
-0.34390542 0.03102897 0.44917494 228 231 167 0.000000 2.000000 0.000000 -0.628332 -0.517152 0.581165
-0.34636915 0.03368946 0.44875470 229 229 163 0.000000 2.000000 0.000000 -0.531426 -0.609031 0.588786
-0.34658495 0.03077464 0.44583067 230 233 168 0.000000 2.000000 0.000000 -0.728385 -0.486143 0.482825
-0.34375006 0.02778753 0.44257781 213 219 151 0.000000 2.000000 0.000000 -0.224975 -0.957144 0.182377
-0.34407368 0.02745921 0.43954346 202 207 127 0.000000 1.000000 0.000000 -0.298297 -0.938879 0.171830
-0.34668627 0.02775092 0.44024205 208 211 126 0.000000 1.000000 0.000000 0.154561 -0.965034 0.211710
-0.34167948 0.03044444 0.45068282 228 230 173 0.000000 2.000000 0.000000 -0.598670 -0.524468 0.605415
-0.34447485 0.03346945 0.45043913 199 191 114 0.000000 2.000000 0.000000 -0.679130 -0.487967 0.548334
-0.34157902 0.02753459 0.44756645 219 223 166 0.000000 2.000000 0.000000 -0.392780 -0.570271 0.721467
-0.34458709 0.03038061 0.44768092 227 229 163 0.000000 2.000000 0.000000 -0.656400 -0.495238 0.569104
-0.34704030 0.03361433 0.44764909 236 236 169 0.000000 2.000000 0.000000 -0.613916 -0.566562 0.549650
-0.34488052 0.02784353 0.44499522 220 225 162 0.000000 2.000000 0.000000 -0.577161 -0.736490 0.352800
-0.34218490 0.02671217 0.44191766 212 218 156 0.000000 2.000000 0.000000 -0.427684 -0.828539 0.361401
-0.34915823 0.03011534 0.44158190 221 225 153 0.000000 1.000000 0.000000 0.202649 -0.912640 0.354995
-0.35513476 0.03222125 0.44463298 224 228 147 0.000000 1.000000 0.000000 0.070470 -0.772289 0.631350
-0.35361281 0.03400129 0.44575691 234 235 163 0.000000 1.000000 0.000000 -0.411666 0.443953 0.795887
-0.34915823 0.03011534 0.44158190 221 225 154 0.000000 1.000000 0.000000 0.202649 -0.912640 0.354995
-0.35079899 0.02986774 0.44172725 213 216 141 0.000000 1.000000 0.000000 -0.084922 -0.975983 0.200612
-0.34350961 0.02796657 0.44654030 223 228 174 0.000000 2.000000 0.000000 -0.639558 -0.558559 0.528184
-0.34284022 0.03172027 0.45130071 232 233 171 0.000000 3.000000 0.000000 -0.545634 -0.711480 0.442809
-0.34910387 0.03178886 0.44598955 233 236 169 0.000000 4.000000 0.000000 0.023584 -0.803260 0.595161
-0.35225040 0.03185041 0.44616041 230 231 162 0.000000 2.000000 0.000000 -0.461585 -0.729602 0.504600
-0.34620145 0.03081757 0.44646245 230 234 172 0.000000 2.000000 0.000000 -0.705813 -0.482222 0.518931
-0.33694482 0.02776436 0.44842461 217 221 161 0.000000 2.000000 0.000000 -0.120461 -0.706405 0.697482
-0.34320849 0.03031890 0.44923389 224 228 169 0.000000 2.000000 0.000000 -0.574453 -0.503699 0.645206
-0.34575757 0.03354189 0.44904411 229 229 167 0.000000 2.000000 0.000000 -0.523879 -0.567676 0.635056
-0.34423247 0.02847291 0.44607720 224 228 168 0.000000 2.000000 0.000000 -0.502179 -0.656696 0.562642
-0.34492686 0.02796310 0.44349712 216 222 151 0.000000 2.000000 0.000000 -0.243373 -0.969932 0.001187
-0.34317029 0.02741730 0.44637164 218 223 168 0.000000 2.000000 0.000000 -0.638691 -0.618575 0.457645
-0.34307143 0.02917494 0.44836092 225 228 170 0.000000 2.000000 0.000000 -0.465241 -0.692025 0.551953
-0.34656215 0.02824253 0.44295266 218 222 149 0.000000 2.000000 0.000000 -0.270719 -0.833815 0.481107
-0.34612378 0.03043982 0.44622409 228 233 167 0.000000 2.000000 0.000000 -0.684514 -0.513804 0.517151
-0.34891698 0.03275306 0.44667807 233 235 167 0.000000 3.000000 0.000000 0.041847 -0.444120 0.894990
-0.34952667 0.03021100 0.44418469 222 228 153 0.000000 1.000000 0.000000 0.089132 -0.702830 0.705752
-0.34347531 0.02696936 0.44051477 209 215 149 0.000000 2.000000 0.000000 -0.410842 -0.899872 -0.146425
-0.34359175 0.02629300 0.43781206 198 206 137 0.000000 1.000000 0.000000 -0.638504 -0.550899 0.537422
-0.35266677 0.03424718 0.44625029 239 240 171 0.000000 1.000000 0.000000 -0.545085 0.491415 0.679260
-0.34982359 0.03503104 0.44880861 145 134 18 0.000000 1.000000 0.000000 -0.039593 -0.946396 0.320574
-0.34566259 0.02761906 0.44049710 204 208 121 0.000000 1.000000 0.000000 -0.163353 -0.973787 -0.158288
-0.34402707 0.03180344 0.45006365 232 232 169 0.000000 4.000000 0.000000 -0.719699 -0.435128 0.541015
-0.35311329 0.03175380 0.44473892 226 229 154 0.000000 2.000000 0.000000 -0.448607 -0.774867 0.445345
-0.35274506 0.03315517 0.44680575 233 234 165 0.000000 2.000000 0.000000 -0.594949 -0.415967 0.687755
-0.35070813 0.02983227 0.44080701 213 215 134 0.000000 1.000000 0.000000 -0.165958 -0.979767 0.111868
-0.34329385 0.03088140 0.44946432 227 231 170 0.000000 2.000000 0.000000 -0.552956 -0.559720 0.617214
-0.34367511 0.02764074 0.44340977 215 221 154 0.000000 2.000000 0.000000 -0.276945 -0.955656 -0.100116
-0.34661263 0.03424947 0.44908130 231 229 159 0.000000 2.000000 0.000000 -0.536691 -0.651095 0.536691
-0.34696889 0.02776492 0.44084641 209 212 125 0.000000 2.000000 0.000000 0.059988 -0.992634 0.105262
-0.34386721 0.02812736 0.44631267 225 229 173 0.000000 2.000000 0.000000 -0.572515 -0.602914 0.555627
-0.34236696 0.02729119 0.44697693 218 223 166 0.000000 2.000000 0.000000 -0.464831 -0.612503 0.639353
-0.35305578 0.03367722 0.44630828 233 235 167 0.000000 2.000000 0.000000 -0.560978 0.066749 0.825135
-0.34538269 0.03032196 0.44708350 227 231 166 0.000000 2.000000 0.000000 -0.613187 -0.521969 0.592916
-0.34847894 0.03297250 0.44704789 233 235 167 0.000000 3.000000 0.000000 0.014327 -0.407667 0.913018
-0.35312113 0.03094963 0.44328022 223 227 150 0.000000 2.000000 0.000000 -0.202368 -0.758494 0.619463
-0.34260237 0.02715835 0.44409263 218 222 161 0.000000 2.000000 0.000000 -0.320759 -0.928660 -0.186292
-0.34324223 0.02682505 0.44125056 211 217 152 0.000000 2.000000 0.000000 -0.350713 -0.898241 0.264885
-0.34331182 0.02650995 0.43827799 203 211 140 0.000000 1.000000 0.000000 -0.618773 -0.605284 0.500751
-0.34096462 0.02814500 0.44823641 220 224 164 0.000000 2.000000 0.000000 -0.177636 -0.512009 0.840412
-0.34418535 0.03081202 0.44870898 228 231 164 0.000000 2.000000 0.000000 -0.668265 -0.480682 0.567774
-0.34673443 0.03403501 0.44851920 229 228 155 0.000000 2.000000 0.000000 -0.598670 -0.605415 0.524468
-0.34414715 0.02791042 0.44584674 223 226 167 0.000000 2.000000 0.000000 -0.545519 -0.633342 0.548896
-0.34684664 0.03094616 0.44576100 230 233 167 0.000000 2.000000 0.000000 -0.667610 -0.536442 0.516262
-0.34416220 0.02777182 0.44261217 213 219 149 0.000000 2.000000 0.000000 -0.163059 -0.964004 0.210020
-0.34448579 0.02744350 0.43957782 200 204 121 0.000000 1.000000 0.000000 -0.199047 -0.978348 0.056698
-0.34691435 0.02794143 0.44058442 209 213 126 0.000000 1.000000 0.000000 0.151288 -0.972566 0.176715
-0.34409493 0.02780977 0.44343626 215 221 154 0.000000 2.000000 0.000000 -0.278235 -0.956353 -0.089294
-0.34715441 0.03321512 0.44709486 233 234 171 0.000000 2.000000 0.000000 -0.436799 -0.388799 0.811198
-0.34995875 0.03348537 0.44747758 230 227 141 0.000000 2.000000 0.000000 0.174975 -0.457288 0.871935
-0.34712702 0.02776243 0.44094256 208 211 124 0.000000 1.000000 0.000000 -0.013589 -0.998254 0.057491
-0.34441853 0.02748145 0.44040191 205 210 134 0.000000 2.000000 0.000000 -0.252223 -0.950896 -0.179389
-0.34716302 0.02995226 0.44450247 225 231 163 0.000000 2.000000 0.000000 -0.498208 -0.555242 0.665955
-0.34952667 0.03021100 0.44418469 223 229 154 0.000000 1.000000 0.000000 0.089313 -0.698400 0.710113
-0.34424770 0.02734539 0.44139180 212 218 150 0.000000 2.000000 0.000000 -0.219701 -0.952935 0.208918
-0.34356606 0.03047970 0.44900626 226 229 168 0.000000 2.000000 0.000000 -0.597685 -0.506769 0.621255
-0.34363145 0.02775211 0.44597819 222 226 171 0.000000 2.000000 0.000000 -0.601311 -0.614786 0.510356
-0.34760109 0.02973282 0.44413269 227 232 166 0.000000 2.000000 0.000000 -0.465848 -0.562691 0.682909
-0.35010743 0.02961957 0.44392681 222 226 150 0.000000 1.000000 0.000000 0.182189 -0.644552 0.742536
-0.35316440 0.02670613 0.44381171 212 216 137 0.000000 2.000000 0.000000 0.405555 -0.454028 0.793337
-0.34841183 0.03202153 0.44642115 231 235 168 0.000000 4.000000 0.000000 -0.049911 -0.654548 0.754371
-0.35514542 0.03065910 0.44279376 217 222 143 0.000000 1.000000 0.000000 0.054774 -0.915119 0.399446
-0.34367988 0.03205834 0.45135367 237 236 170 0.000000 3.000000 0.000000 -0.712893 -0.615458 0.336148
-0.34999034 0.03176568 0.44631237 232 238 171 0.000000 3.000000 0.000000 0.034867 -0.818668 0.573207
-0.35328698 0.03113189 0.44336849 223 227 150 0.000000 2.000000 0.000000 -0.217621 -0.794856 0.566432
-0.34690025 0.03421727 0.44860747 224 220 138 0.000000 2.000000 0.000000 -0.591837 -0.628932 0.504157
-0.34702018 0.03131317 0.44584137 230 234 167 0.000000 2.000000 0.000000 -0.567676 -0.635056 0.523879
-0.34724367 0.02858310 0.44290948 217 222 149 0.000000 2.000000 0.000000 -0.392878 -0.731509 0.557262
-0.36633906 0.02903156 0.45034984 222 226 151 0.000000 1.000000 0.000000 -0.354995 -0.912640 0.202649
-0.34169772 0.03005596 0.45028654 225 228 170 0.000000 2.000000 0.000000 -0.580251 -0.546417 0.603935
-0.33916369 0.02669438 0.44724175 214 219 164 0.000000 2.000000 0.000000 0.099203 -0.838195 0.536272
-0.34570870 0.03220244 0.44802108 232 234 171 0.000000 2.000000 0.000000 -0.634398 -0.460315 0.621007
-0.33935776 0.02639577 0.44477737 213 219 164 0.000000 2.000000 0.000000 -0.203976 -0.968564 0.142398
-0.34592450 0.02928761 0.44509706 225 229 158 0.000000 2.000000 0.000000 -0.692881 -0.555975 0.459138
-0.34292063 0.02636813 0.43891767 203 209 144 0.000000 2.000000 0.000000 -0.635653 -0.608818 0.474643
-0.35300893 0.03403847 0.44603842 238 239 169 0.000000 1.000000 0.000000 -0.489818 0.493138 0.718953
-0.34982359 0.03503104 0.44880861 145 134 18 0.000000 1.000000 0.000000 -0.039593 -0.946396 0.320574
-0.35175025 0.03107267 0.44482529 227 229 159 0.000000 2.000000 0.000000 -0.233751 -0.936403 0.261745
-0.34101161 0.02679481 0.44705543 215 219 162 0.000000 2.000000 0.000000 -0.195554 -0.902445 0.383865
-0.34416237 0.02926884 0.44728178 223 227 163 0.000000 2.000000 0.000000 -0.576024 -0.596295 0.559132
-0.34680736 0.03248110 0.44693407 231 234 172 0.000000 2.000000 0.000000 -0.553328 -0.446983 0.702876
-0.35242409 0.03122849 0.44478998 227 229 157 0.000000 2.000000 0.000000 -0.332150 -0.878149 0.344283
-0.35106844 0.03270996 0.44777015 237 240 170 0.000000 2.000000 0.000000 -0.185953 -0.708467 0.680805
-0.35079899 0.02986774 0.44172725 213 216 140 0.000000 1.000000 0.000000 -0.084922 -0.975983 0.200612
-0.34292856 0.03053585 0.44969982 227 230 171 0.000000 3.000000 0.000000 -0.529530 -0.536254 0.657290
-0.34118479 0.02665373 0.44391704 216 221 163 0.000000 2.000000 0.000000 -0.316937 -0.948307 0.016285
-0.35004976 0.03253191 0.44694701 232 236 168 0.000000 2.000000 0.000000 0.143889 -0.562206 0.814383
-0.34691957 0.02939225 0.44417587 222 227 159 0.000000 2.000000 0.000000 -0.489667 -0.587263 0.644475
-0.34150070 0.02614066 0.44089055 208 215 155 0.000000 2.000000 0.000000 -0.444978 -0.870610 0.209839
-0.34476250 0.03343725 0.44996530 223 220 157 0.000000 2.000000 0.000000 -0.678512 -0.448451 0.581819
-0.34185126 0.02713289 0.44710839 217 222 166 0.000000 2.000000 0.000000 -0.384808 -0.672175 0.632538
-0.34486702 0.03016366 0.44721496 225 228 163 0.000000 2.000000 0.000000 -0.638903 -0.507414 0.578216
-0.34756652 0.03319941 0.44712922 235 236 170 0.000000 3.000000 0.000000 -0.308741 -0.471732 0.825922
-0.34218255 0.02698932 0.44406614 217 222 162 0.000000 2.000000 0.000000 -0.305438 -0.943225 -0.130518
-0.35269615 0.03181572 0.44578275 230 231 161 0.000000 2.000000 0.000000 -0.486122 -0.721717 0.492758
-0.36633906 0.02903156 0.45034984 222 226 151 0.000000 1.000000 0.000000 -0.425633 -0.817789 0.387374
-0.34777460 0.03009983 0.44421306 227 233 165 0.000000 2.000000 0.000000 -0.426150 -0.575385 0.698089
-0.34027824 0.02686170 0.44790694 215 221 164 0.000000 2.000000 0.000000 0.067520 -0.622042 0.780067
-0.35266677 0.03424718 0.44625029 239 241 171 0.000000 1.000000 0.000000 -0.545085 0.491415 0.679260
-0.34335905 0.02914274 0.44788709 224 228 166 0.000000 2.000000 0.000000 -0.556125 -0.656933 0.509081
-0.34616214 0.03235250 0.44763553 232 235 171 0.000000 2.000000 0.000000 -0.652702 -0.445707 0.612638
-0.34095171 0.02650942 0.44465286 216 221 165 0.000000 2.000000 0.000000 -0.228427 -0.972930 -0.035050
-0.34618619 0.02945914 0.44502738 224 230 159 0.000000 2.000000 0.000000 -0.689004 -0.555541 0.465453
-0.34221059 0.03097224 0.45053560 231 232 174 0.000000 4.000000 0.000000 -0.538726 -0.633299 0.555614
-0.35173172 0.03343901 0.44812322 231 231 146 0.000000 1.000000 0.000000 -0.484167 -0.564583 0.668452
-0.35451752 0.03358964 0.44568345 230 232 154 0.000000 2.000000 0.000000 -0.494856 0.144515 0.856874
-0.35183308 0.03041529 0.44253463 222 226 151 0.000000 1.000000 0.000000 -0.153834 -0.929935 0.334000
-0.35514542 0.03065910 0.44279376 217 222 143 0.000000 1.000000 0.000000 0.049667 -0.906091 0.420158
-0.34345448 0.03209879 0.45208162 238 236 168 0.000000 3.000000 0.000000 -0.630146 -0.747815 0.209017
-0.34999034 0.03176568 0.44631237 231 238 171 0.000000 3.000000 0.000000 0.029031 -0.828066 0.559878
-0.34289035 0.02763425 0.44683757 219 224 167 0.000000 2.000000 0.000000 -0.583995 -0.560297 0.587381
-0.34874833 0.03332878 0.44697034 234 236 165 0.000000 3.000000 0.000000 0.119129 -0.410645 0.903980
-0.34327620 0.02731417 0.44405732 218 223 162 0.000000 2.000000 0.000000 -0.316083 -0.925569 -0.208359
-0.34690133 0.02978073 0.44457215 224 229 161 0.000000 2.000000 0.000000 -0.535832 -0.576399 0.616967
-0.34350392 0.02699658 0.44118091 211 217 151 0.000000 2.000000 0.000000 -0.351437 -0.909686 0.221275
-0.34380159 0.02687198 0.43855071 203 210 135 0.000000 1.000000 0.000000 -0.447627 -0.779685 0.437861
-0.34529358 0.03396506 0.44981807 231 229 172 0.000000 2.000000 0.000000 -0.603935 -0.580251 0.546417
-0.34019479 0.02898884 0.44988048 222 226 165 0.000000 2.000000 0.000000 -0.151506 -0.940426 0.304376
-0.34614864 0.03467264 0.44985527 230 227 169 0.000000 2.000000 0.000000 -0.539280 -0.617045 0.573091
-0.34340322 0.02855053 0.44708663 223 226 169 0.000000 2.000000 0.000000 -0.593404 -0.603548 0.532542
-0.34626856 0.03176854 0.44708917 232 236 176 0.000000 2.000000 0.000000 -0.676072 -0.442368 0.589268
-0.34623036 0.02886694 0.44422692 221 227 156 0.000000 2.000000 0.000000 -0.618773 -0.605284 0.500751
-0.34507591 0.03419025 0.45053813 204 197 129 0.000000 2.000000 0.000000 -0.621058 -0.600861 0.503242
-0.34243408 0.02824217 0.44760367 223 226 170 0.000000 2.000000 0.000000 -0.411502 -0.560237 0.718888
-0.34528399 0.03109067 0.44762197 230 233 170 0.000000 2.000000 0.000000 -0.635360 -0.471072 0.611890
-0.34823751 0.03411320 0.44747445 220 214 120 0.000000 2.000000 0.000000 -0.230739 -0.660824 0.714192
-0.34594017 0.02767926 0.44217965 215 220 148 0.000000 2.000000 0.000000 -0.120149 -0.918380 0.377019
-0.34870824 0.02773754 0.44190410 208 212 128 0.000000 1.000000 0.000000 0.242644 -0.814480 0.527016
-0.34623787 0.02755466 0.43954945 204 208 127 0.000000 1.000000 0.000000 0.176495 -0.942677 0.283213
-0.35285586 0.02689585 0.44361153 210 216 143 0.000000 1.000000 0.000000 0.347593 -0.426234 0.835167
-0.34261042 0.02785120 0.44730353 221 225 169 0.000000 2.000000 0.000000 -0.483192 -0.546726 0.683825
-0.34556392 0.03087373 0.44715601 229 232 170 0.000000 2.000000 0.000000 -0.614688 -0.490066 0.618056
-0.34816757 0.03392021 0.44722822 229 227 146 0.000000 2.000000 0.000000 -0.266583 -0.582066 0.768201
-0.34553343 0.02815687 0.44428587 220 225 156 0.000000 2.000000 0.000000 -0.584488 -0.759675 0.285077
-0.35323510 0.03153934 0.44417682 225 228 153 0.000000 2.000000 0.000000 -0.360941 -0.830636 0.423987
-0.35645160 0.03179388 0.44459391 221 227 146 0.000000 1.000000 0.000000 0.299055 0.281550 0.911754
-0.34584162 0.02745905 0.44126728 212 217 143 0.000000 2.000000 0.000000 -0.131049 -0.990274 0.046722
-0.34870824 0.02773754 0.44190410 208 212 128 0.000000 1.000000 0.000000 0.242644 -0.814480 0.527016
-0.34693760 0.02750675 0.43910998 204 209 128 0.000000 1.000000 0.000000 0.140549 -0.981399 0.130772
-0.34255275 0.03076354 0.45032373 231 233 175 0.000000 4.000000 0.000000 -0.499497 -0.660951 0.560042
-0.35173172 0.03343901 0.44812322 231 231 146 0.000000 2.000000 0.000000 -0.484167 -0.564583 0.668452
-0.34915823 0.03011534 0.44158190 221 225 154 0.000000 1.000000 0.000000 0.202649 -0.912640 0.354995
-0.34725037 0.02972951 0.43936566 213 219 140 0.000000 1.000000 0.000000 0.207814 -0.925974 0.315255
-0.36659023 0.02977632 0.45066857 222 226 150 0.000000 1.000000 0.000000 -0.432422 0.114092 0.894424
-0.34657145 0.03309477 0.44805041 233 233 165 0.000000 2.000000 0.000000 -0.639485 -0.524749 0.561870
-0.34320122 0.02716737 0.44488928 217 221 161 0.000000 2.000000 0.000000 -0.336637 -0.938623 -0.075248
-0.34652552 0.03000841 0.44519603 226 231 161 0.000000 2.000000 0.000000 -0.675085 -0.547774 0.494169
-0.34370607 0.02739081 0.44192743 213 219 150 0.000000 2.000000 0.000000 -0.220498 -0.886433 0.406960
-0.34378338 0.02726046 0.43894699 202 209 133 0.000000 1.000000 0.000000 -0.378548 -0.840345 0.387972
-0.35352007 0.03127620 0.44263268 222 226 147 0.000000 1.000000 0.000000 -0.243296 -0.969552 -0.027840
-0.34422651 0.03196672 0.44973987 231 232 169 0.000000 4.000000 0.000000 -0.739433 -0.398408 0.542688
-0.34404531 0.03141496 0.44966736 231 233 170 0.000000 4.000000 0.000000 -0.618986 -0.625695 0.474723
-0.34785995 0.03066232 0.44444352 228 233 165 0.000000 3.000000 0.000000 -0.398655 -0.656706 0.640165
-0.35069796 0.03091359 0.44441420 227 230 160 0.000000 2.000000 0.000000 -0.130464 -0.955415 0.264881
-0.34925145 0.03235960 0.44647411 232 235 168 0.000000 4.000000 0.000000 0.055033 -0.565850 0.822670
-0.35204813 0.03244510 0.44686472 231 233 164 0.000000 3.000000 0.000000 -0.531184 -0.575027 0.622244
-0.34279150 0.02939189 0.44882688 226 229 173 0.000000 2.000000 0.000000 -0.411916 -0.712995 0.567418
-0.34626275 0.03427342 0.44930103 232 231 171 0.000000 2.000000 0.000000 -0.485411 -0.629859 0.606344
-0.34215102 0.03119495 0.45135179 229 232 172 0.000000 4.000000 0.000000 -0.547929 -0.697819 0.461327
-0.35160768 0.03045574 0.44326255 223 226 156 0.000000 2.000000 0.000000 -0.186609 -0.927432 0.324110
-0.34654847 0.03155159 0.44662324 233 237 178 0.000000 2.000000 0.000000 -0.696298 -0.465868 0.546018
-0.34644803 0.02864174 0.44350687 219 225 155 0.000000 2.000000 0.000000 -0.415178 -0.776627 0.473791
-0.34203705 0.03060523 0.45045519 229 231 174 0.000000 4.000000 0.000000 -0.573681 -0.556759 0.600758
-0.35156590 0.03325674 0.44803494 232 233 153 0.000000 2.000000 0.000000 -0.402785 -0.614951 0.677938
-0.35439855 0.03304612 0.44586504 228 230 154 0.000000 2.000000 0.000000 -0.447763 -0.477286 0.756113
-0.35513476 0.03222125 0.44463298 224 227 147 0.000000 1.000000 0.000000 0.070470 -0.772289 0.631350
-0.34545919 0.03016435 0.43911630 217 222 147 0.000000 1.000000 0.000000 0.215800 -0.918936 0.330131
-0.34889117 0.02948191 0.43951097 217 220 138 0.000000 1.000000 0.000000 -0.028282 -0.989868 0.139147
-0.35327142 0.03175132 0.44483507 227 230 154 0.000000 2.000000 0.000000 -0.457949 -0.759966 0.461232
-0.34092817 0.02892195 0.44902897 220 224 160 0.000000 2.000000 0.000000 -0.236686 -0.863827 0.444728
-0.34687433 0.03442100 0.44901165 217 212 127 0.000000 2.000000 0.000000 -0.564172 -0.638272 0.523754
-0.34420654 0.02867664 0.44648135 225 229 172 0.000000 2.000000 0.000000 -0.520179 -0.641386 0.563948
-0.34690607 0.03171239 0.44639561 233 237 175 0.000000 2.000000 0.000000 -0.570499 -0.570499 0.590814
-0.34712183 0.02879756 0.44347158 218 224 154 0.000000 2.000000 0.000000 -0.430490 -0.699754 0.570108
-0.35306144 0.03216126 0.44554725 229 231 159 0.000000 2.000000 0.000000 -0.498017 -0.669054 0.551676
-0.36659023 0.02977632 0.45066857 223 227 151 0.000000 1.000000 0.000000 -0.432422 0.114092 0.894424
-0.34081674 0.02955211 0.45065349 223 229 166 0.000000 2.000000 0.000000 -0.472590 -0.745935 0.469297
-0.34393606 0.03275690 0.45059422 225 219 143 0.000000 3.000000 0.000000 -0.795883 -0.344295 0.498027
-0.33774328 0.02694773 0.44744667 216 221 165 0.000000 2.000000 0.000000 0.066799 -0.822906 0.564238
-0.34088981 0.02700927 0.44761753 216 220 163 0.000000 2.000000 0.000000 -0.170428 -0.806892 0.565579
-0.34388244 0.02948579 0.44774774 225 227 162 0.000000 2.000000 0.000000 -0.623358 -0.576057 0.528756
-0.34643155 0.03270878 0.44755799 232 234 170 0.000000 2.000000 0.000000 -0.674398 -0.437942 0.594469
-0.34095171 0.02650942 0.44465286 216 222 165 0.000000 2.000000 0.000000 -0.243296 -0.969552 -0.027840
-0.34133756 0.02618934 0.44187257 211 217 158 0.000000 2.000000 0.000000 -0.392527 -0.860482 0.324797
-0.34484014 0.03381500 0.45020363 212 206 139 0.000000 2.000000 0.000000 -0.638504 -0.550899 0.537422
-0.34219059 0.02768216 0.44727707 220 224 168 0.000000 2.000000 0.000000 -0.417511 -0.552830 0.721155
-0.34510279 0.03053891 0.44754946 229 231 167 0.000000 2.000000 0.000000 -0.630771 -0.499570 0.593766
-0.34262329 0.02700082 0.44476664 217 221 161 0.000000 2.000000 0.000000 -0.281989 -0.953517 -0.106238
-0.34296229 0.02704200 0.44171652 211 217 152 0.000000 2.000000 0.000000 -0.305464 -0.845065 0.438814
-0.34310186 0.02691990 0.43899018 207 214 145 0.000000 2.000000 0.000000 -0.610116 -0.656920 0.442961
-0.34898126 0.03446201 0.44768533 188 177 59 0.000000 1.000000 0.000000 -0.001380 -0.732842 0.680398
-0.34498003 0.03420098 0.45069605 174 164 87 0.000000 2.000000 0.000000 -0.634732 -0.617985 0.463907
-0.33962467 0.02801812 0.44829914 219 222 162 0.000000 2.000000 0.000000 -0.037328 -0.343674 0.938347
-0.34215415 0.02845912 0.44806963 224 227 170 0.000000 2.000000 0.000000 -0.344527 -0.628640 0.697218
-0.34490818 0.03131836 0.44824585 229 232 167 0.000000 2.000000 0.000000 -0.673869 -0.469869 0.570197
-0.34306854 0.02744697 0.44262099 214 220 155 0.000000 2.000000 0.000000 -0.287419 -0.943988 0.162099
-0.34581837 0.02789372 0.44274175 216 221 148 0.000000 2.000000 0.000000 -0.114459 -0.917051 0.381990
-0.35506684 0.03372896 0.44513994 228 230 150 0.000000 1.000000 0.000000 -0.591827 0.238917 0.769844
-0.34324172 0.02730588 0.43948260 208 214 140 0.000000 1.000000 0.000000 -0.489580 -0.867700 0.086065
-0.34599155 0.02775264 0.43960336 203 206 123 0.000000 1.000000 0.000000 0.071820 -0.977483 0.198418
-0.34496760 0.03208458 0.44888049 231 233 169 0.000000 2.000000 0.000000 -0.712500 -0.460052 0.529808
-0.34507981 0.02899574 0.44612226 223 228 159 0.000000 2.000000 0.000000 -0.638504 -0.550899 0.537422
-0.34848946 0.03239927 0.44665948 231 235 168 0.000000 4.000000 0.000000 -0.063302 -0.530326 0.845427
-0.35152471 0.03210204 0.44700405 231 234 166 0.000000 3.000000 0.000000 -0.156051 -0.698444 0.698444
-0.35488075 0.03223448 0.44469479 224 228 147 0.000000 2.000000 0.000000 -0.037967 -0.794503 0.606072
-0.36585969 0.02908523 0.45113957 221 225 145 0.000000 1.000000 0.000000 0.195139 -0.619222 0.760582
-0.34592465 0.02829869 0.44364622 218 224 154 0.000000 2.000000 0.000000 -0.360435 -0.889870 0.279674
-0.34286913 0.02976963 0.44906521 224 228 169 0.000000 2.000000 0.000000 -0.510374 -0.604700 0.611438
-0.34039736 0.02641629 0.44627452 216 220 163 0.000000 2.000000 0.000000 -0.052718 -0.985243 0.162840
-0.34057054 0.02627521 0.44313613 213 218 160 0.000000 2.000000 0.000000 -0.354032 -0.917072 0.183414
-0.34667611 0.02883225 0.44384927 220 225 156 0.000000 2.000000 0.000000 -0.470590 -0.678253 0.564374
-0.34883475 0.02945473 0.44316545 221 225 149 0.000000 1.000000 0.000000 -0.046784 -0.769815 0.636550
-0.34359175 0.02629300 0.43781206 199 206 138 0.000000 1.000000 0.000000 -0.638504 -0.550899 0.537422
-0.34071046 0.02914715 0.44974899 221 226 162 0.000000 2.000000 0.000000 -0.194822 -0.920071 0.339872
-0.34614864 0.03467264 0.44985527 229 226 168 0.000000 2.000000 0.000000 -0.520711 -0.625190 0.581376
-0.35329720 0.03253651 0.44588172 229 231 158 0.000000 2.000000 0.000000 -0.503202 -0.597448 0.624375
-0.35067719 0.03008220 0.44228935 218 221 148 0.000000 2.000000 0.000000 -0.049746 -0.950278 0.307405
-0.34725037 0.02972951 0.43936566 214 219 140 0.000000 1.000000 0.000000 0.207814 -0.925974 0.315255
-0.35378239 0.02997796 0.44288015 217 219 142 0.000000 1.000000 0.000000 0.025985 -0.518339 0.854780
-0.36659023 0.02977632 0.45066857 222 227 150 0.000000 1.000000 0.000000 -0.432422 0.114092 0.894424
-0.34411728 0.03330866 0.45066676 202 192 108 0.000000 2.000000 0.000000 -0.717561 -0.429211 0.548528
-0.34105563 0.02719153 0.44770581 217 222 165 0.000000 2.000000 0.000000 -0.258779 -0.566176 0.782610
-0.34422949 0.03021981 0.44790852 226 227 160 0.000000 2.000000 0.000000 -0.674813 -0.487272 0.554251
-0.34693670 0.03344031 0.44781491 234 235 167 0.000000 2.000000 0.000000 -0.633328 -0.552262 0.542128
-0.34393731 0.02733143 0.44510809 219 224 165 0.000000 2.000000 0.000000 -0.446800 -0.877485 0.174325
-0.34688312 0.03016921 0.44496843 227 233 163 0.000000 2.000000 0.000000 -0.623450 -0.532214 0.572763
-0.34383073 0.02890432 0.44710526 224 227 167 0.000000 2.000000 0.000000 -0.547723 -0.635358 0.544352
-0.34662613 0.03192934 0.44686157 233 237 178 0.000000 2.000000 0.000000 -0.700071 -0.434011 0.567041
-0.35151419 0.03267527 0.44739246 234 236 167 0.000000 3.000000 0.000000 -0.152185 -0.634356 0.757913
-0.35176820 0.03266205 0.44733065 233 235 165 0.000000 3.000000 0.000000 -0.412295 -0.574564 0.707028
-0.35462674 0.03224770 0.44475657 225 228 149 0.000000 2.000000 0.000000 -0.157137 -0.812624 0.561204
-0.35513476 0.03222125 0.44463298 224 228 147 0.000000 1.000000 0.000000 0.070470 -0.772289 0.631350
-0.34234574 0.02942658 0.44920456 224 228 168 0.000000 2.000000 0.000000 -0.410302 -0.723384 0.555309
-0.34505296 0.03264708 0.44911093 231 232 169 0.000000 2.000000 0.000000 -0.708833 -0.401507 0.579955
-0.34232295 0.02689447 0.44632655 217 222 165 0.000000 2.000000 0.000000 -0.403542 -0.869519 0.284764
-0.33913240 0.02643621 0.44550529 211 217 159 0.000000 1.000000 0.000000 -0.141839 -0.969872 0.198064
-0.34541917 0.02954501 0.44629094 223 229 159 0.000000 2.000000 0.000000 -0.645793 -0.521019 0.558114
-0.34864300 0.02947620 0.44348136 221 225 150 0.000000 1.000000 0.000000 -0.070866 -0.741929 0.666723
-0.34341824 0.02592599 0.43773165 197 204 136 0.000000 1.000000 0.000000 -0.638468 -0.534022 0.554237
-0.34223163 0.02982579 0.44975877 225 227 167 0.000000 2.000000 0.000000 -0.525420 -0.616650 0.586240
-0.34477302 0.03286403 0.44957688 230 230 169 0.000000 2.000000 0.000000 -0.713722 -0.379011 0.589026
-0.33935544 0.02667291 0.44692585 215 220 163 0.000000 2.000000 0.000000 0.069649 -0.939604 0.335103
-0.34219342 0.02692418 0.44689652 217 221 164 0.000000 2.000000 0.000000 -0.406108 -0.731652 0.547506
-0.34505105 0.02995744 0.44690695 225 229 162 0.000000 2.000000 0.000000 -0.628332 -0.517152 0.581165
-0.34313831 0.02614294 0.43819761 200 207 139 0.000000 1.000000 0.000000 -0.645793 -0.558114 0.521019
-0.35242394 0.03221742 0.44624081 230 231 162 0.000000 2.000000 0.000000 -0.526722 -0.647885 0.550281
-0.36641672 0.02940930 0.45058817 222 226 150 0.000000 1.000000 0.000000 -0.427567 -0.376704 0.821755
-0.34314907 0.02955268 0.44859925 224 228 169 0.000000 2.000000 0.000000 -0.535172 -0.636466 0.555430
-0.34028593 0.02704645 0.44789907 216 222 165 0.000000 2.000000 0.000000 0.043488 -0.573767 0.817863
-0.34579405 0.03276494 0.44825155 232 233 168 0.000000 2.000000 0.000000 -0.616589 -0.472102 0.630030
-0.34088445 0.02654738 0.44547692 215 220 163 0.000000 2.000000 0.000000 -0.145493 -0.989127 -0.021429
-0.34606436 0.02967360 0.44558948 226 230 160 0.000000 2.000000 0.000000 -0.687630 -0.550439 0.473478
-0.34079593 0.02623477 0.44240820 211 217 159 0.000000 2.000000 0.000000 -0.391869 -0.870650 0.297332
-0.35145476 0.03190905 0.44675782 231 234 165 0.000000 3.000000 0.000000 -0.120346 -0.732475 0.670073
-0.35285586 0.02689585 0.44361153 210 216 143 0.000000 1.000000 0.000000 0.347593 -0.426234 0.835167
-0.34783387 0.03185498 0.44629851 230 234 169 0.000000 4.000000 0.000000 -0.083057 -0.738766 0.668824
-0.35104266 0.03192476 0.44672346 231 234 165 0.000000 3.000000 0.000000 -0.058749 -0.760871 0.646239
-0.34258920 0.02998658 0.44953117 225 228 169 0.000000 2.000000 0.000000 -0.506207 -0.573477 0.644111
-0.33889619 0.02902773 0.44952327 221 226 160 0.000000 1.000000 0.000000 -0.038828 -0.982462 0.182373
-0.34021330 0.02662251 0.44658253 217 221 165 0.000000 2.000000 0.000000 -0.028003 -0.967945 0.249596
-0.34644976 0.03232030 0.44716170 232 235 173 0.000000 2.000000 0.000000 -0.665456 -0.431963 0.608750
-0.34044874 0.02648967 0.44369823 214 219 162 0.000000 2.000000 0.000000 -0.316001 -0.945381 0.079984
-0.34640387 0.02923395 0.44430733 222 228 157 0.000000 2.000000 0.000000 -0.607360 -0.570140 0.553222
-0.34349588 0.02630373 0.43796998 200 207 138 0.000000 1.000000 0.000000 -0.631823 -0.571168 0.523992
-0.34562525 0.03432958 0.44999462 230 228 168 0.000000 2.000000 0.000000 -0.573366 -0.610576 0.546305
-0.34586507 0.02852139 0.44446242 221 227 156 0.000000 2.000000 0.000000 -0.633199 -0.649818 0.420471
-0.34115607 0.03010138 0.45082214 226 229 170 0.000000 3.000000 0.000000 -0.560169 -0.570323 0.600785
-0.33863744 0.02710930 0.44776160 217 222 166 0.000000 2.000000 0.000000 0.089123 -0.714446 0.693991
-0.33896658 0.02625395 0.44541702 212 217 161 0.000000 2.000000 0.000000 -0.147062 -0.964364 0.219943
-0.34197038 0.02668748 0.44547597 216 220 163 0.000000 2.000000 0.000000 -0.253985 -0.964132 -0.077080
-0.34173915 0.02674686 0.44229534 216 220 162 0.000000 2.000000 0.000000 -0.404637 -0.871409 0.277335
-0.34799513 0.02911666 0.44311249 219 224 150 0.000000 2.000000 0.000000 -0.405148 -0.689578 0.600281
-0.34228313 0.02642429 0.43961123 203 212 149 0.000000 2.000000 0.000000 -0.581764 -0.754851 0.302902
-0.35404602 0.02574022 0.44376189 211 215 131 0.000000 1.000000 0.000000 0.441425 -0.694619 0.568022
-0.34827694 0.03158934 0.44485053 228 235 168 0.000000 1.000000 0.000000 -0.452084 -0.888961 0.073274
-0.34398559 0.03262659 0.45193440 223 215 124 0.000000 3.000000 0.000000 -0.854025 -0.520018 0.014935
-0.34781563 0.03224346 0.44669479 230 234 168 0.000000 4.000000 0.000000 -0.092804 -0.523985 0.846657
-0.35111260 0.03211776 0.44696969 231 234 165 0.000000 3.000000 0.000000 0.009719 -0.684509 0.728940
-0.35250157 0.03259516 0.44647914 230 231 163 0.000000 2.000000 0.000000 -0.601516 -0.513900 0.611625
-0.34725037 0.02972951 0.43936566 214 218 140 0.000000 1.000000 0.000000 0.207814 -0.925974 0.315255
-0.36659023 0.02977632 0.45066857 223 227 151 0.000000 1.000000 0.000000 -0.432422 0.114092 0.894424
-0.35162845 0.03128713 0.44538739 228 231 161 0.000000 2.000000 0.000000 -0.242928 -0.918525 0.311925
-0.33712888 0.02755814 0.44811660 216 221 163 0.000000 2.000000 0.000000 -0.012518 -0.732984 0.680131
-0.33995917 0.02762466 0.44809514 217 221 163 0.000000 2.000000 0.000000 -0.022553 -0.439122 0.898144
-0.34603751 0.03332494 0.44857815 230 230 165 0.000000 2.000000 0.000000 -0.556090 -0.549329 0.623700
-0.34322986 0.02719459 0.44555542 217 222 164 0.000000 2.000000 0.000000 -0.474400 -0.857513 0.199039
-0.34624559 0.03022536 0.44566199 228 232 164 0.000000 2.000000 0.000000 -0.710425 -0.510774 0.484154
-0.35375080 0.03169765 0.44404534 224 227 148 0.000000 2.000000 0.000000 -0.236677 -0.753919 0.612853
-0.35645160 0.03179388 0.44459391 222 228 146 0.000000 1.000000 0.000000 0.299055 0.281550 0.911754
-0.34533760 0.03436178 0.45046845 202 195 125 0.000000 2.000000 0.000000 -0.613922 -0.613922 0.496184
-0.34257397 0.02862816 0.44809610 224 227 170 0.000000 2.000000 0.000000 -0.380456 -0.643975 0.663739
-0.34552747 0.03165068 0.44794858 231 234 172 0.000000 2.000000 0.000000 -0.629717 -0.468509 0.619641
-0.34838510 0.03468394 0.44795898 187 177 60 0.000000 2.000000 0.000000 -0.199409 -0.811337 0.549517
-0.34558514 0.02873834 0.44492838 223 228 158 0.000000 2.000000 0.000000 -0.672247 -0.588841 0.448721
-0.34286883 0.03174749 0.45196685 233 234 170 0.000000 3.000000 0.000000 -0.567592 -0.765849 0.302183
-0.34865543 0.03159260 0.44529694 229 234 166 0.000000 2.000000 0.000000 -0.180064 -0.949057 0.258588
-0.34845909 0.02869349 0.44233853 217 221 143 0.000000 2.000000 0.000000 -0.058511 -0.629351 0.774915
-0.35440642 0.02514303 0.44315377 206 211 129 0.000000 1.000000 0.000000 0.409833 -0.836939 0.362726
-0.35285586 0.02689585 0.44361153 210 216 143 0.000000 1.000000 0.000000 0.347593 -0.426234 0.835167
-0.34907794 0.03199259 0.44639373 232 236 169 0.000000 4.000000 0.000000 0.035228 -0.632691 0.773602
-0.35196277 0.03188261 0.44663426 231 233 165 0.000000 3.000000 0.000000 -0.389262 -0.721039 0.573217
-0.35264945 0.03118805 0.44406205 226 228 156 0.000000 2.000000 0.000000 -0.326179 -0.888350 0.323173
-0.34379885 0.03260186 0.45117208 226 219 136 0.000000 3.000000 0.000000 -0.913121 -0.338995 0.226477
-0.35293964 0.03237572 0.44610935 230 231 161 0.000000 2.000000 0.000000 -0.549857 -0.576927 0.603997
-0.34758946 0.03474259 0.44855639 180 171 56 0.000000 1.000000 0.000000 -0.445815 -0.772419 0.452347
-0.33790138 0.02694524 0.44754282 217 222 166 0.000000 2.000000 0.000000 0.061330 -0.797294 0.600467
-0.34376064 0.02970025 0.44830984 224 228 164 0.000000 2.000000 0.000000 -0.629964 -0.565786 0.532007
-0.34088445 0.02654738 0.44547692 216 220 164 0.000000 2.000000 0.000000 -0.165972 -0.985386 -0.038301
-0.34121576 0.02640380 0.44243470 215 220 162 0.000000 2.000000 0.000000 -0.395602 -0.874569 0.280408
-0.34747943 0.02895835 0.44324395 218 224 153 0.000000 2.000000 0.000000 -0.456686 -0.674155 0.580476
-0.35316440 0.02670613 0.44381171 212 216 136 0.000000 2.000000 0.000000 0.413037 -0.455151 0.788820
-0.35462111 0.03376365 0.44551763 230 232 154 0.000000 1.000000 0.000000 -0.467753 0.301927 0.830691
-0.35375080 0.03169765 0.44404534 224 227 147 0.000000 2.000000 0.000000 -0.139537 -0.736694 0.661674
-0.35645160 0.03179388 0.44459391 221 227 146 0.000000 1.000000 0.000000 0.299055 0.281550 0.911754
-0.35191575 0.03074684 0.44169477 217 222 144 0.000000 1.000000 0.000000 -0.243296 -0.969552 -0.027840
-0.34368771 0.03125416 0.44989496 230 233 170 0.000000 4.000000 0.000000 -0.578940 -0.609322 0.541807
-0.35236925 0.03338285 0.44742966 236 235 157 0.000000 2.000000 0.000000 -0.637439 -0.417747 0.647425
-0.35301727 0.03275346 0.44634768 230 232 163 0.000000 2.000000 0.000000 -0.557106 -0.480149 0.677562
-0.34725037 0.02972951 0.43936566 214 219 140 0.000000 1.000000 0.000000 0.207814 -0.925974 0.315255
-0.35070813 0.02983227 0.44080701 213 214 134 0.000000 1.000000 0.000000 -0.165958 -0.979767 0.111868
-0.33789086 0.02751847 0.44793123 218 223 165 0.000000 2.000000 0.000000 0.049844 -0.662211 0.747658
-0.34384599 0.03026275 0.44854030 226 228 162 0.000000 2.000000 0.000000 -0.668625 -0.487644 0.561377
-0.34656090 0.03366800 0.44843882 232 232 164 0.000000 2.000000 0.000000 -0.593004 -0.572731 0.565973
-0.34381548 0.02754589 0.44567019 220 224 166 0.000000 2.000000 0.000000 -0.536615 -0.740101 0.405333
-0.34650731 0.03039689 0.44559231 230 233 166 0.000000 2.000000 0.000000 -0.719930 -0.473857 0.507110
-0.35300627 0.02670862 0.44371557 211 216 138 0.000000 2.000000 0.000000 0.393899 -0.448563 0.802268
-0.34139955 0.03066139 0.45114875 229 231 173 0.000000 4.000000 0.000000 -0.581574 -0.622032 0.524260
-0.35379466 0.03308330 0.44614655 229 231 159 0.000000 2.000000 0.000000 -0.432182 -0.412902 0.801705
-0.34494936 0.03247306 0.44927678 231 232 170 0.000000 2.000000 0.000000 -0.728445 -0.378137 0.571297
-0.33878252 0.02646017 0.44572502 212 217 162 0.000000 2.000000 0.000000 -0.045694 -0.966986 0.250700
-0.34190312 0.02672543 0.44630006 216 220 163 0.000000 2.000000 0.000000 -0.268984 -0.937960 0.218811
-0.34506160 0.02938421 0.44651854 223 227 159 0.000000 2.000000 0.000000 -0.645206 -0.503699 0.574453
-0.34772289 0.02951836 0.44357055 221 228 156 0.000000 2.000000 0.000000 -0.387730 -0.641817 0.661616
-0.34231174 0.02645151 0.44027737 206 213 151 0.000000 2.000000 0.000000 -0.522598 -0.850448 0.060246
-0.34545919 0.03016435 0.43911630 217 222 147 0.000000 1.000000 0.000000 0.215800 -0.918936 0.330131
-0.35070813 0.02983227 0.44080701 213 215 134 0.000000 1.000000 0.000000 -0.165958 -0.979767 0.111868
-0.34889117 0.02948191 0.43951097 217 220 138 0.000000 1.000000 0.000000 -0.028282 -0.989868 0.139147
-0.34359497 0.02852906 0.44677076 225 228 173 0.000000 2.000000 0.000000 -0.596799 -0.600180 0.532555
-0.34405360 0.02764400 0.44385618 219 223 159 0.000000 2.000000 0.000000 -0.276441 -0.947991 -0.157774
-0.34750238 0.03050153 0.44467112 227 233 164 0.000000 2.000000 0.000000 -0.507964 -0.521376 0.685668
-0.35027814 0.03074456 0.44438770 225 229 158 0.000000 2.000000 0.000000 -0.050109 -0.895192 0.442856
-0.34699750 0.02779214 0.44151255 208 213 130 0.000000 2.000000 0.000000 -0.165958 -0.979767 0.111868
-0.33600348 0.02994190 0.45074144 219 223 164 0.000000 3.000000 0.000000 0.046964 -0.755700 0.653232
-0.33488363 0.03179862 0.45405608 226 228 180 0.000000 2.000000 0.000000 0.150329 -0.483095 0.862566
-0.33934197 0.03147899 0.45526603 226 229 178 0.000000 2.000000 0.000000 0.153087 -0.692683 0.704808
-0.34413868 0.03267030 0.45310873 222 214 124 0.000000 1.000000 0.000000 -0.769374 -0.632142 0.091975
-0.34107596 0.03098971 0.45418313 228 233 177 0.000000 2.000000 0.000000 -0.431957 -0.877273 0.209299
-0.34411275 0.03287403 0.45351288 215 205 112 0.000000 1.000000 0.000000 -0.832753 -0.474747 0.284848
-0.33378920 0.03393246 0.45519862 228 228 177 0.000000 1.000000 0.000000 0.139894 -0.457179 0.878303
-0.33943015 0.03128351 0.45511597 226 229 178 0.000000 2.000000 0.000000 0.136321 -0.735535 0.663630
-0.34226468 0.03376252 0.45515004 234 234 173 0.000000 2.000000 0.000000 -0.457428 -0.530616 0.713587
-0.33870709 0.02928015 0.45090947 221 226 162 0.000000 1.000000 0.000000 0.017742 -0.842064 0.539085
-0.33697829 0.02873431 0.44946340 218 223 160 0.000000 2.000000 0.000000 -0.149971 -0.898400 0.412778
-0.33683702 0.03476271 0.45590794 228 229 174 0.000000 2.000000 0.000000 0.248674 -0.459207 0.852813
-0.33587649 0.03119148 0.45383257 224 228 177 0.000000 2.000000 0.000000 0.159657 -0.710095 0.685766
-0.34169790 0.03155298 0.45495614 229 232 176 0.000000 2.000000 0.000000 -0.642860 -0.544997 0.538247
-0.34202921 0.03140941 0.45191389 229 231 170 0.000000 4.000000 0.000000 -0.533898 -0.761088 0.368373
-0.33964422 0.03427498 0.45591012 227 232 178 0.000000 1.000000 0.000000 -0.157137 -0.561204 0.812624
-0.34288663 0.03432579 0.45592305 236 236 180 0.000000 1.000000 0.000000 -0.351679 -0.827945 0.436839
-0.33943015 0.03128351 0.45511597 226 229 178 0.000000 2.000000 0.000000 0.133120 -0.755343 0.641667
-0.34260684 0.03355381 0.45493817 235 234 170 0.000000 2.000000 0.000000 -0.560507 -0.447408 0.696892
-0.34008291 0.03258578 0.45585749 228 231 177 0.000000 2.000000 0.000000 -0.241533 -0.103514 0.964856
-0.34316185 0.03217718 0.45363364 238 239 176 0.000000 3.000000 0.000000 -0.450948 -0.821199 0.349682
-0.33775067 0.02911034 0.45034045 218 223 158 0.000000 1.000000 0.000000 0.076023 -0.888777 0.451991
-0.33809996 0.03304209 0.45592400 227 229 175 0.000000 2.000000 0.000000 0.178435 -0.332985 0.925895
-0.33825865 0.02908389 0.45021686 219 225 159 0.000000 1.000000 0.000000 -0.013293 -0.965565 0.259820
-0.34209681 0.03187955 0.45430860 231 233 174 0.000000 2.000000 0.000000 -0.608906 -0.612279 0.504329
-0.34222364 0.03161889 0.45266831 230 231 170 0.000000 2.000000 0.000000 -0.439849 -0.894864 0.075836
-0.34292027 0.03430681 0.45551100 234 232 166 0.000000 1.000000 0.000000 -0.594085 -0.664371 0.453513
-0.34096387 0.03308963 0.45549050 230 232 177 0.000000 2.000000 0.000000 -0.382555 -0.048978 0.922634
-0.33529496 0.03424160 0.45522413 228 228 175 0.000000 2.000000 0.000000 0.211596 0.082906 0.973835
-0.33788446 0.03397906 0.45594639 228 229 175 0.000000 2.000000 0.000000 0.127707 0.016657 0.991672
-0.33503419 0.03062246 0.45270929 221 226 173 0.000000 2.000000 0.000000 -0.060303 -0.950736 0.304081
-0.34080294 0.03385010 0.45577487 230 232 180 0.000000 2.000000 0.000000 -0.218816 -0.530974 0.818649
-0.34114322 0.03095176 0.45335904 229 233 175 0.000000 3.000000 0.000000 -0.496225 -0.857117 0.138245
-0.33841664 0.03007033 0.45176384 225 229 174 0.000000 2.000000 0.000000 0.081207 -0.898782 0.430810
-0.33783352 0.03093890 0.45417020 222 226 175 0.000000 2.000000 0.000000 0.179677 -0.853839 0.488544
-0.34219268 0.03186882 0.45415065 232 234 175 0.000000 3.000000 0.000000 -0.556541 -0.730562 0.395653
-0.34078830 0.03102191 0.45465696 227 231 178 0.000000 2.000000 0.000000 -0.260164 -0.876737 0.404532
-0.34118187 0.03088658 0.45186880 228 231 173 0.000000 4.000000 0.000000 -0.549906 -0.762773 0.340265
-0.33748081 0.03172084 0.45477045 226 228 179 0.000000 1.000000 0.000000 0.288455 -0.594441 0.750622
-0.33591813 0.02937940 0.45051101 218 222 161 0.000000 2.000000 0.000000 -0.095169 -0.663255 0.742318
-0.33902335 0.02927517 0.45110178 221 226 162 0.000000 2.000000 0.000000 -0.006789 -0.840497 0.541774
-0.33683702 0.03476271 0.45590794 229 229 175 0.000000 1.000000 0.000000 0.245116 -0.464351 0.851056
-0.33878633 0.03432538 0.45625344 226 230 174 0.000000 1.000000 0.000000 0.009288 -0.460413 0.887656
-0.33588421 0.03137624 0.45382470 224 228 177 0.000000 1.000000 0.000000 0.272450 -0.673954 0.686700
-0.33378920 0.03393246 0.45519862 228 228 177 0.000000 1.000000 0.000000 0.139894 -0.457179 0.878303
-0.33490971 0.03060597 0.45220110 221 226 174 0.000000 2.000000 0.000000 -0.154591 -0.957933 0.241796
-0.34052896 0.03057324 0.45257816 229 232 176 0.000000 4.000000 0.000000 -0.422765 -0.856292 0.296704
-0.34410506 0.03268928 0.45352077 224 217 130 0.000000 1.000000 0.000000 -0.748025 -0.608858 0.264102
-0.34333742 0.03424490 0.45446718 208 196 88 0.000000 1.000000 0.000000 -0.720596 -0.385740 0.576148
-0.34423172 0.03341755 0.45333129 192 174 63 0.000000 1.000000 0.000000 -0.956866 -0.075576 0.280527
-0.34262019 0.03222261 0.45416924 236 236 175 0.000000 3.000000 0.000000 -0.486290 -0.637730 0.597346
-0.34408414 0.03284680 0.45284674 218 209 116 0.000000 1.000000 0.000000 -0.803130 -0.593495 0.052409
-0.33722445 0.02952526 0.45086029 220 225 162 0.000000 2.000000 0.000000 0.150841 -0.801994 0.577973
-0.33962721 0.02923799 0.45082027 221 226 162 0.000000 2.000000 0.000000 -0.075931 -0.890460 0.448682
-0.33683702 0.03476271 0.45590794 229 229 175 0.000000 1.000000 0.000000 0.245116 -0.464351 0.851056
-0.33666146 0.03269499 0.45507437 227 229 178 0.000000 2.000000 0.000000 0.301997 -0.576831 0.758988
-0.33767542 0.03094139 0.45407405 221 225 174 0.000000 2.000000 0.000000 0.179677 -0.853839 0.488544
-0.34043843 0.03104587 0.45487669 226 230 178 0.000000 2.000000 0.000000 -0.151595 -0.846281 0.510712
-0.34074664 0.03034804 0.45185810 229 232 174 0.000000 4.000000 0.000000 -0.533225 -0.728025 0.430872
-0.33772632 0.03398155 0.45585024 228 228 175 0.000000 1.000000 0.000000 0.129625 0.056209 0.989969
-0.34106463 0.03402163 0.45570520 231 233 181 0.000000 2.000000 0.000000 -0.191970 -0.628126 0.754059
-0.34188682 0.03228949 0.45502079 231 232 174 0.000000 2.000000 0.000000 -0.588118 -0.263313 0.764711
-0.33893517 0.02947065 0.45125183 222 227 165 0.000000 3.000000 0.000000 -0.004115 -0.802456 0.596698
-0.33750424 0.03029724 0.45184517 224 225 168 0.000000 1.000000 0.000000 0.164209 -0.847675 0.504463
-0.34115091 0.03113651 0.45335117 228 232 174 0.000000 3.000000 0.000000 -0.508885 -0.850086 0.135606
-0.33683702 0.03476271 0.45590794 228 229 175 0.000000 2.000000 0.000000 0.245116 -0.464351 0.851056
-0.33455196 0.03143410 0.45387954 226 229 183 0.000000 2.000000 0.000000 0.089942 -0.424804 0.900806
-0.34069920 0.03466501 0.45739153 230 231 176 0.000000 1.000000 0.000000 0.090177 -0.897612 0.431464
-0.34314564 0.03426637 0.45478308 218 209 115 0.000000 1.000000 0.000000 -0.724501 -0.445974 0.525553
-0.33891931 0.03206794 0.45562008 226 229 176 0.000000 2.000000 0.000000 0.215734 -0.537040 0.815504
-0.34322912 0.03213923 0.45280954 237 237 172 0.000000 2.000000 0.000000 -0.487607 -0.864460 0.122261
-0.34158033 0.03417993 0.45557374 235 234 182 0.000000 2.000000 0.000000 -0.242364 -0.514058 0.822802
-0.34125984 0.03177242 0.45532593 228 232 177 0.000000 2.000000 0.000000 -0.458975 -0.505369 0.730715
-0.34196195 0.03144736 0.45273799 229 230 170 0.000000 4.000000 0.000000 -0.508031 -0.852507 0.123027
-0.34069920 0.03466501 0.45739153 230 231 176 0.000000 1.000000 0.000000 0.090177 -0.897612 0.431464
-0.34333742 0.03424490 0.45446718 209 196 88 0.000000 1.000000 0.000000 -0.720596 -0.385740 0.576148
-0.34292027 0.03430681 0.45551100 234 233 168 0.000000 1.000000 0.000000 -0.566283 -0.686555 0.456033
-0.34313589 0.03238091 0.45403779 238 238 172 0.000000 3.000000 0.000000 -0.452147 -0.692403 0.562264
-0.33750424 0.03029724 0.45184517 224 226 168 0.000000 1.000000 0.000000 0.164209 -0.847675 0.504463
-0.33756661 0.02931655 0.45064846 218 223 157 0.000000 1.000000 0.000000 0.143906 -0.820411 0.553369
-0.34052140 0.02939956 0.45113519 223 228 164 0.000000 2.000000 0.000000 -0.404775 -0.745638 0.529321
-0.33573851 0.03349513 0.45554411 228 229 177 0.000000 2.000000 0.000000 0.251383 -0.276948 0.927419
-0.33851978 0.03321113 0.45595047 227 230 175 0.000000 2.000000 0.000000 0.087815 -0.162398 0.982810
-0.33908543 0.03027234 0.45280671 225 227 174 0.000000 2.000000 0.000000 0.059272 -0.931229 0.359583
-0.33587649 0.03119148 0.45383257 224 228 177 0.000000 2.000000 0.000000 0.095293 -0.719831 0.687578
-0.33884183 0.03070126 0.45393091 225 229 178 0.000000 2.000000 0.000000 0.065952 -0.947903 0.311657
-0.33943015 0.03128351 0.45511597 226 230 179 0.000000 1.000000 0.000000 0.152891 -0.734179 0.661518
-0.33683702 0.03476271 0.45590794 228 228 175 0.000000 1.000000 0.000000 0.245116 -0.464351 0.851056
-0.33624935 0.03271070 0.45504001 226 228 176 0.000000 1.000000 0.000000 0.308885 -0.558553 0.769811
-0.33867303 0.03226591 0.45567399 227 229 175 0.000000 2.000000 0.000000 0.227895 -0.503205 0.833576
-0.34144107 0.03232418 0.45539844 230 232 176 0.000000 2.000000 0.000000 -0.584575 -0.085160 0.806858
-0.34166080 0.03379970 0.45543155 232 234 179 0.000000 2.000000 0.000000 -0.236002 -0.522907 0.819067
-0.33716458 0.03172582 0.45457816 224 229 177 0.000000 2.000000 0.000000 0.285378 -0.607425 0.741346
-0.33650333 0.03269748 0.45497823 226 228 177 0.000000 2.000000 0.000000 0.305831 -0.568429 0.763777
-0.34089109 0.03365462 0.45562482 230 233 179 0.000000 2.000000 0.000000 -0.294334 -0.372823 0.879983
-0.33532181 0.03059026 0.45223546 222 226 175 0.000000 2.000000 0.000000 -0.076711 -0.967062 0.242709
-0.34121048 0.03091380 0.45253494 228 231 173 0.000000 4.000000 0.000000 -0.592826 -0.790936 0.151583
-0.33652955 0.03051590 0.45167241 224 229 176 0.000000 2.000000 0.000000 0.142623 -0.907987 0.393979
-0.34322613 0.03388613 0.45464090 222 214 123 0.000000 1.000000 0.000000 -0.686997 -0.365633 0.627971
-0.33943990 0.03316897 0.45586127 228 231 176 0.000000 2.000000 0.000000 -0.119691 -0.034677 0.992205
-0.33546078 0.03442386 0.45531240 227 228 175 0.000000 2.000000 0.000000 0.247307 0.020508 0.968720
-0.34171250 0.03438117 0.45607406 234 234 181 0.000000 2.000000 0.000000 -0.180992 -0.792409 0.582520
-0.34199056 0.03147459 0.45340413 230 232 172 0.000000 4.000000 0.000000 -0.508178 -0.845976 0.161491
-0.34089094 0.03464354 0.45707563 230 231 177 0.000000 1.000000 0.000000 0.022351 -0.911127 0.411519
-0.34333742 0.03424490 0.45446718 208 195 88 0.000000 1.000000 0.000000 -0.720596 -0.385740 0.576148
-0.33481085 0.03236361 0.45419040 225 228 179 0.000000 2.000000 0.000000 0.251346 -0.501150 0.828054
-0.33382565 0.03315550 0.45440602 228 228 179 0.000000 2.000000 0.000000 0.218438 -0.599543 0.769956
-0.34312537 0.03295414 0.45442620 231 229 154 0.000000 2.000000 0.000000 -0.591973 -0.350617 0.725697
-0.34042269 0.03016827 0.45167366 228 230 172 0.000000 4.000000 0.000000 -0.471358 -0.662585 0.582068
-0.33603224 0.02898019 0.44995677 218 223 162 0.000000 1.000000 0.000000 -0.132440 -0.775295 0.617557
-0.34423172 0.03341755 0.45333129 192 174 63 0.000000 1.000000 0.000000 -0.956866 -0.075576 0.280527
-0.33378920 0.03393246 0.45519862 228 228 177 0.000000 1.000000 0.000000 0.139894 -0.457179 0.878303
-0.33947068 0.03390797 0.45582974 227 231 177 0.000000 2.000000 0.000000 -0.169809 -0.164702 0.971616
-0.33978787 0.03045538 0.45343754 226 231 178 0.000000 3.000000 0.000000 -0.152004 -0.948346 0.278451
-0.33514452 0.03442884 0.45512012 228 228 175 0.000000 2.000000 0.000000 0.176108 0.246013 0.953133
-0.34100586 0.03178564 0.45538774 227 231 178 0.000000 2.000000 0.000000 -0.321672 -0.495977 0.806557
-0.34137630 0.03109607 0.45262322 228 231 172 0.000000 4.000000 0.000000 -0.592826 -0.790936 0.151583
-0.33472550 0.03180112 0.45395994 226 229 181 0.000000 2.000000 0.000000 0.154402 -0.440118 0.884565
-0.33489901 0.03216813 0.45404032 225 228 179 0.000000 2.000000 0.000000 0.217706 -0.460937 0.860315
-0.34102407 0.03139717 0.45499146 228 231 178 0.000000 2.000000 0.000000 -0.391021 -0.681400 0.618705
-0.34144357 0.03105811 0.45179915 228 231 172 0.000000 4.000000 0.000000 -0.538598 -0.781526 0.314848
-0.33732271 0.03172333 0.45467430 225 229 177 0.000000 2.000000 0.000000 0.288596 -0.597920 0.747799
-0.34043843 0.03104587 0.45487669 226 230 178 0.000000 2.000000 0.000000 -0.130177 -0.841029 0.525095
-0.33382565 0.03315550 0.45440602 228 228 179 0.000000 2.000000 0.000000 0.208283 -0.603249 0.769876
-0.34242561 0.03300205 0.45486566 233 232 171 0.000000 2.000000 0.000000 -0.412287 -0.355852 0.838683
-0.33695993 0.03011171 0.45131049 224 228 170 0.000000 3.000000 0.000000 0.176177 -0.820654 0.543589
-0.33974889 0.03001246 0.45170897 225 229 171 0.000000 4.000000 0.000000 -0.147037 -0.815389 0.559930
-0.33615062 0.03347941 0.45557848 227 230 177 0.000000 1.000000 0.000000 0.267834 -0.273563 0.923812
-0.33587649 0.03119148 0.45383257 224 228 177 0.000000 2.000000 0.000000 0.120418 -0.721022 0.682369
-0.34193099 0.03169729 0.45422032 231 233 175 0.000000 2.000000 0.000000 -0.584255 -0.748426 0.313856
-0.33913213 0.03090001 0.45452738 226 229 179 0.000000 2.000000 0.000000 0.113385 -0.859714 0.498031
-0.33677617 0.02834007 0.44871685 218 223 162 0.000000 2.000000 0.000000 -0.271654 -0.748239 0.605263
-0.33878633 0.03432538 0.45625344 227 229 174 0.000000 1.000000 0.000000 0.009288 -0.460413 0.887656
-0.33558810 0.03368237 0.45544007 228 229 176 0.000000 2.000000 0.000000 0.250754 -0.228588 0.940675
-0.33870870 0.03394764 0.45601511 228 230 175 0.000000 2.000000 0.000000 0.030022 -0.114530 0.992966
-0.33382565 0.03315550 0.45440602 228 228 179 0.000000 2.000000 0.000000 0.218724 -0.594123 0.774066
-0.33720577 0.03288052 0.45560905 228 228 178 0.000000 2.000000 0.000000 0.260503 -0.443312 0.857679
-0.33753741 0.03324504 0.45578560 228 229 178 0.000000 2.000000 0.000000 0.217453 -0.341301 0.914455
-0.34010601 0.03314003 0.45583382 228 231 177 0.000000 2.000000 0.000000 -0.291046 -0.011052 0.956645
-0.34365931 0.03272396 0.45389846 235 230 155 0.000000 2.000000 0.000000 -0.548784 -0.602818 0.579178
-0.34282440 0.03431755 0.45566896 235 233 171 0.000000 1.000000 0.000000 -0.523754 -0.716628 0.460571
-0.34290516 0.03195946 0.45262513 235 235 170 0.000000 2.000000 0.000000 -0.481242 -0.869664 0.109957
-0.34225225 0.03164611 0.45333445 231 232 173 0.000000 3.000000 0.000000 -0.461946 -0.865963 0.191611
-0.34182176 0.03303923 0.45514721 232 233 175 0.000000 2.000000 0.000000 -0.383018 -0.241050 0.891736
-0.33598793 0.03056132 0.45220804 224 228 176 0.000000 1.000000 0.000000 0.030024 -0.973992 0.224583
-0.33604750 0.03033862 0.45139185 223 226 171 0.000000 3.000000 0.000000 0.098906 -0.898511 0.427663
-0.33891693 0.02985913 0.45164812 223 228 170 0.000000 3.000000 0.000000 0.017742 -0.842064 0.539085
-0.33758986 0.02888188 0.44917399 219 224 159 0.000000 2.000000 0.000000 -0.111569 -0.965649 0.234680
-0.33378920 0.03393246 0.45519862 228 228 177 0.000000 1.000000 0.000000 0.139894 -0.457179 0.878303
-0.33772632 0.03398155 0.45585024 228 228 175 0.000000 1.000000 0.000000 0.129625 0.056209 0.989969
-0.33487606 0.03062495 0.45261315 221 225 175 0.000000 2.000000 0.000000 -0.217016 -0.941324 0.258484
-0.34012911 0.03369428 0.45581019 228 231 178 0.000000 2.000000 0.000000 -0.278474 -0.185192 0.942421
-0.33997962 0.03043391 0.45312166 228 232 177 0.000000 3.000000 0.000000 -0.221212 -0.939107 0.262950
-0.33727616 0.03010673 0.45150280 224 227 168 0.000000 1.000000 0.000000 0.176445 -0.809835 0.559495
-0.33591485 0.03310416 0.45524397 227 228 177 0.000000 2.000000 0.000000 0.286747 -0.427820 0.857174
-0.34156775 0.03305245 0.45520899 231 233 176 0.000000 2.000000 0.000000 -0.401473 -0.161447 0.901529
-0.33911136 0.03006861 0.45240253 225 228 173 0.000000 3.000000 0.000000 -0.006490 -0.912557 0.408898
-0.33382565 0.03315550 0.45440602 228 228 179 0.000000 2.000000 0.000000 0.211395 -0.594066 0.776143
-0.33624935 0.03271070 0.45504001 227 228 177 0.000000 2.000000 0.000000 0.304578 -0.546965 0.779783
-0.34217933 0.03320002 0.45491958 235 235 175 0.000000 2.000000 0.000000 -0.335312 -0.365934 0.868135
-0.33953118 0.03023765 0.45242903 226 229 174 0.000000 3.000000 0.000000 -0.106364 -0.913071 0.393684
-0.33592570 0.03055308 0.45195395 224 228 176 0.000000 2.000000 0.000000 0.032773 -0.969835 0.241548
-0.34069920 0.03466501 0.45739153 230 230 176 0.000000 1.000000 0.000000 0.090177 -0.897612 0.431464
-0.33748081 0.03172084 0.45477045 226 228 179 0.000000 1.000000 0.000000 0.288455 -0.594441 0.750622
-0.34333742 0.03424490 0.45446718 209 196 88 0.000000 1.000000 0.000000 -0.720596 -0.385740 0.576148
-0.33704808 0.02991623 0.45116043 224 228 169 0.000000 3.000000 0.000000 0.191160 -0.778405 0.597950
-0.34295955 0.03277188 0.45433792 232 231 160 0.000000 2.000000 0.000000 -0.554730 -0.406583 0.725923
-0.33967894 0.02981946 0.45146275 224 229 167 0.000000 3.000000 0.000000 -0.132772 -0.759337 0.637008
-0.33683702 0.03476271 0.45590794 229 229 174 0.000000 1.000000 0.000000 0.245116 -0.464351 0.851056
-0.33948609 0.03427747 0.45581397 227 231 177 0.000000 1.000000 0.000000 -0.137305 -0.547742 0.825304
-0.34237865 0.03435224 0.45604664 235 235 180 0.000000 1.000000 0.000000 -0.272285 -0.826190 0.493225
-0.33878633 0.03432538 0.45625344 227 229 173 0.000000 1.000000 0.000000 0.009288 -0.460413 0.887656
-0.34149483 0.03460636 0.45679411 230 230 180 0.000000 1.000000 0.000000 -0.113077 -0.927780 0.355581
-0.33489901 0.03216813 0.45404032 225 228 179 0.000000 2.000000 0.000000 0.246040 -0.469156 0.848149
-0.33624935 0.03271070 0.45504001 227 228 177 0.000000 1.000000 0.000000 0.308885 -0.558553 0.769811
-0.33558366 0.02977286 0.45071498 216 220 160 0.000000 1.000000 0.000000 -0.061083 -0.589520 0.805441
-0.33573851 0.03349513 0.45554411 229 229 177 0.000000 1.000000 0.000000 0.244756 -0.275881 0.929507
-0.33785364 0.03324006 0.45597792 228 229 177 0.000000 2.000000 0.000000 0.198456 -0.316686 0.927537
-0.33521557 0.03018529 0.45133099 219 223 169 0.000000 2.000000 0.000000 -0.138920 -0.772276 0.619912
-0.33943799 0.03047933 0.45365727 226 230 178 0.000000 2.000000 0.000000 -0.043925 -0.957556 0.284882
-0.33867303 0.03226591 0.45567399 227 229 175 0.000000 2.000000 0.000000 0.204122 -0.451452 0.868634
-0.33883929 0.02948139 0.45140979 222 227 164 0.000000 1.000000 0.000000 0.037774 -0.807250 0.588999
-0.34365931 0.03272396 0.45389846 235 229 154 0.000000 1.000000 0.000000 -0.563721 -0.580650 0.587421
-0.33619037 0.02897770 0.45005292 218 222 161 0.000000 1.000000 0.000000 -0.101276 -0.752965 0.650221
-0.33924103 0.02904998 0.45038173 220 225 160 0.000000 1.000000 0.000000 -0.053142 -0.942302 0.330519
-0.33624935 0.03271070 0.45504001 227 228 177 0.000000 1.000000 0.000000 0.308885 -0.558553 0.769811
-0.34234029 0.03243956 0.45463520 233 234 173 0.000000 2.000000 0.000000 -0.530328 -0.427897 0.731886
-0.33588421 0.03137624 0.45382470 224 228 177 0.000000 1.000000 0.000000 0.272450 -0.673954 0.686700
-0.34093308 0.03235063 0.45552203 228 231 177 0.000000 2.000000 0.000000 -0.443710 -0.058706 0.894246
-0.34322125 0.03294341 0.45426825 232 229 155 0.000000 2.000000 0.000000 -0.585476 -0.422936 0.691624
-0.33730209 0.02990300 0.45109865 224 228 168 0.000000 1.000000 0.000000 0.198285 -0.767011 0.610227
-0.34069493 0.02976657 0.45121560 226 229 168 0.000000 3.000000 0.000000 -0.514379 -0.639179 0.571720
-0.33732271 0.03172333 0.45467430 225 229 177 0.000000 2.000000 0.000000 0.288596 -0.597920 0.747799
-0.34040198 0.03182282 0.45566925 227 230 178 0.000000 2.000000 0.000000 -0.098902 -0.517443 0.849983
-0.33472833 0.03104314 0.45357943 224 228 180 0.000000 1.000000 0.000000 -0.086135 -0.670100 0.737256
-0.33767542 0.03094139 0.45407405 221 225 174 0.000000 2.000000 0.000000 0.175964 -0.859119 0.480574
-0.34011182 0.03063515 0.45362195 227 232 178 0.000000 2.000000 0.000000 -0.188063 -0.951138 0.244887
-0.34087616 0.03031833 0.45128810 229 231 172 0.000000 3.000000 0.000000 -0.569092 -0.629885 0.528563
-0.33942449 0.03279947 0.45587701 227 230 176 0.000000 2.000000 0.000000 -0.037646 -0.142599 0.989064
-0.34283790 0.03199741 0.45344922 236 237 176 0.000000 3.000000 0.000000 -0.475390 -0.823695 0.309082
-0.33491239 0.03083692 0.45327142 222 226 177 0.000000 1.000000 0.000000 -0.236686 -0.863827 0.444728
-0.33767542 0.03094139 0.45407405 221 225 174 0.000000 2.000000 0.000000 0.175964 -0.859119 0.480574
-0.34107596 0.03098971 0.45418313 228 233 177 0.000000 2.000000 0.000000 -0.421921 -0.880853 0.214662
-0.33857477 0.03006784 0.45185998 223 227 170 0.000000 2.000000 0.000000 0.072021 -0.848719 0.523918
-0.33695236 0.02893803 0.44986755 218 223 161 0.000000 1.000000 0.000000 -0.036581 -0.884708 0.464709
-0.34315619 0.03369314 0.45439467 222 214 120 0.000000 1.000000 0.000000 -0.658695 -0.297943 0.690905
-0.39425471 0.01612343 0.45754579 210 216 134 0.000000 1.000000 0.000000 -0.571862 -0.669129 0.474595
-0.39397994 0.01530526 0.45548275 203 208 130 0.000000 1.000000 0.000000 -0.464792 -0.855398 0.228611
-0.39444646 0.01610197 0.45722991 210 215 137 0.000000 1.000000 0.000000 -0.587038 -0.702792 0.401832
-0.39385042 0.01533497 0.45605272 197 202 115 0.000000 1.000000 0.000000 -0.464792 -0.855398 0.228611
-0.39404219 0.01531350 0.45573685 201 205 124 0.000000 1.000000 0.000000 -0.472837 -0.849891 0.232618
-0.39397994 0.01530526 0.45548275 203 208 130 0.000000 1.000000 0.000000 -0.464792 -0.855398 0.228611
-0.39385042 0.01533497 0.45605272 196 200 113 0.000000 1.000000 0.000000 -0.464792 -0.855398 0.228611
-0.39428064 0.01591971 0.45714164 209 214 133 0.000000 1.000000 0.000000 -0.574446 -0.716000 0.396681
-0.39476770 0.01605079 0.45634404 211 218 139 0.000000 1.000000 0.000000 -0.617644 -0.752118 0.229857
-0.39434019 0.01569700 0.45632544 203 208 125 0.000000 1.000000 0.000000 -0.527547 -0.810772 0.253658
-0.39430642 0.01670491 0.45818830 213 219 142 0.000000 1.000000 0.000000 -0.576024 -0.596295 0.559132
-0.39476770 0.01605079 0.45634404 211 218 140 0.000000 1.000000 0.000000 -0.617644 -0.752118 0.229857
-0.39442822 0.01649044 0.45762619 212 218 139 0.000000 1.000000 0.000000 -0.592308 -0.622683 0.511309
-0.39407849 0.01552547 0.45639509 203 207 123 0.000000 1.000000 0.000000 -0.517288 -0.815545 0.259421
-0.39394632 0.01532424 0.45589480 198 202 116 0.000000 1.000000 0.000000 -0.464792 -0.855398 0.228611
-0.39385042 0.01533497 0.45605272 197 201 113 0.000000 1.000000 0.000000 -0.464792 -0.855398 0.228611
-0.39449817 0.01668344 0.45787242 213 220 142 0.000000 1.000000 0.000000 -0.593404 -0.603548 0.532542
-0.39430642 0.01670491 0.45818830 214 220 143 0.000000 1.000000 0.000000 -0.576024 -0.596295 0.559132
-0.39421070 0.01572671 0.45689541 208 213 131 0.000000 1.000000 0.000000 -0.559619 -0.773263 0.298145
-0.39476770 0.01605079 0.45634404 208 214 134 0.000000 1.000000 0.000000 -0.582850 -0.776613 0.239078
-0.39440244 0.01570525 0.45657954 205 210 128 0.000000 1.000000 0.000000 -0.542800 -0.794533 0.272187
-0.39467183 0.01606152 0.45650199 209 216 137 0.000000 1.000000 0.000000 -0.603070 -0.757381 0.250361
-0.39397994 0.01530526 0.45548275 202 208 130 0.000000 1.000000 0.000000 -0.464792 -0.855398 0.228611
-0.39432463 0.01631643 0.45779201 211 217 138 0.000000 1.000000 0.000000 -0.575217 -0.635944 0.514490
-0.39459404 0.01667271 0.45771447 212 220 142 0.000000 1.000000 0.000000 -0.602942 -0.606319 0.518496
-0.39430642 0.01670491 0.45818830 214 220 143 0.000000 1.000000 0.000000 -0.576024 -0.596295 0.559132
-0.39430642 0.01670491 0.45818830 213 219 142 0.000000 1.000000 0.000000 -0.582688 -0.596200 0.552287
