-0.28121331 0.10389459 1.24202466 248 250 217 0.000000 1.000000 1.000000 0.885873 -0.293285 0.359463
-0.28282171 0.10916014 1.24285328 249 248 221 0.000000 2.000000 1.000000 0.522788 0.670715 0.526150
-0.28300652 0.10895007 1.24321783 249 249 223 0.000000 2.000000 1.000000 0.543169 0.654157 0.526352
-0.28446457 0.11092407 1.24384785 247 248 226 0.000000 2.000000 1.000000 0.919979 0.385451 0.071181
-0.28106841 0.10784088 1.24286616 254 254 231 0.000000 2.000000 1.000000 0.467535 0.628407 0.621704
-0.28227907 0.11078542 1.24035752 232 231 190 0.000000 1.000000 1.000000 0.455845 0.689611 0.562709
-0.28121331 0.10389459 1.24202466 249 250 217 0.000000 1.000000 1.000000 0.885873 -0.293285 0.359463
-0.28110334 0.10944089 1.24098980 249 249 222 0.000000 2.000000 1.000000 0.612503 0.639353 0.464831
-0.28025737 0.10898965 1.23698783 107 115 36 0.000000 1.000000 1.000000 0.970860 0.057833 0.232563
-0.28016794 0.10583172 1.24239659 255 255 236 0.000000 2.000000 1.000000 0.770703 -0.477412 0.422013
-0.27972028 0.10908667 1.23940146 180 168 90 0.000000 1.000000 1.000000 0.848939 -0.164454 0.502252
-0.28021824 0.10907385 1.24030018 240 238 199 0.000000 1.000000 1.000000 0.874404 0.017461 0.484885
-0.28319389 0.10794988 1.24497950 246 251 231 0.000000 1.000000 1.000000 0.772933 0.584795 0.246147
-0.27977774 0.10990644 1.23938131 153 133 34 0.000000 1.000000 1.000000 0.705110 0.423066 0.569065
-0.28403744 0.11052444 1.24313903 249 248 223 0.000000 2.000000 1.000000 0.860936 0.458264 0.220868
-0.28227907 0.11078542 1.24035752 231 231 190 0.000000 1.000000 1.000000 0.455845 0.689611 0.562709
-0.28173995 0.10800810 1.24320126 252 251 227 0.000000 2.000000 1.000000 0.414042 0.656814 0.630209
-0.28240848 0.10386382 1.24418151 250 251 227 0.000000 1.000000 1.000000 0.616123 -0.049573 0.786088
-0.28160852 0.10700572 1.24396479 254 253 234 0.000000 2.000000 1.000000 0.538649 0.289070 0.791388
-0.28390655 0.11090724 1.24157214 253 254 224 0.000000 2.000000 1.000000 0.727217 0.542527 0.420500
-0.28068128 0.10746101 1.24307525 254 254 233 0.000000 2.000000 1.000000 0.597952 0.438054 0.671239
-0.28085947 0.10600884 1.24319077 254 254 231 0.000000 2.000000 1.000000 0.638764 -0.369465 0.674890
-0.28438500 0.11093652 1.24412715 247 248 229 0.000000 1.000000 1.000000 0.930297 0.366788 -0.003807
-0.28071624 0.10906103 1.24119890 252 251 228 0.000000 2.000000 1.000000 0.768760 0.461909 0.442322
-0.27974954 0.10583209 1.24121857 255 254 236 0.000000 2.000000 1.000000 0.818855 -0.518557 0.246121
-0.28046221 0.10878946 1.23781133 112 115 30 0.000000 1.000000 1.000000 0.919346 -0.091254 0.382721
-0.28122559 0.10494164 1.24273765 254 254 226 0.000000 2.000000 1.000000 0.819497 -0.448583 0.356648
-0.28322935 0.10588542 1.24493039 247 252 232 0.000000 1.000000 1.000000 0.620330 -0.110510 0.776517
-0.28170148 0.10576104 1.24389553 254 254 231 0.000000 2.000000 1.000000 0.587663 -0.256807 0.767270
-0.28170812 0.10700315 1.24414444 254 254 234 0.000000 2.000000 1.000000 0.544573 0.265224 0.795673
-0.28122559 0.10494164 1.24273765 254 254 226 0.000000 2.000000 1.000000 0.804823 -0.459213 0.376011
-0.28240848 0.10386382 1.24418151 250 252 227 0.000000 1.000000 1.000000 0.616123 -0.049573 0.786088
-0.28188321 0.11000556 1.24103570 253 253 227 0.000000 2.000000 1.000000 0.397034 0.723227 0.565073
-0.28434497 0.11091675 1.24320912 249 248 223 0.000000 2.000000 1.000000 0.903323 0.393683 0.170357
-0.28198689 0.10698558 1.24422467 253 253 234 0.000000 1.000000 1.000000 0.546309 0.258284 0.796766
-0.28217074 0.11038798 1.24064684 239 238 202 0.000000 2.000000 1.000000 0.440210 0.699352 0.563136
-0.28088921 0.10785589 1.24296558 254 254 232 0.000000 2.000000 1.000000 0.474723 0.618986 0.625695
-0.28350198 0.10972737 1.24271941 249 249 221 0.000000 2.000000 1.000000 0.684711 0.605132 0.406185
-0.28112599 0.10494421 1.24255788 254 254 226 0.000000 2.000000 1.000000 0.779029 -0.511288 0.362902
-0.28068033 0.11107349 1.23913288 136 116 21 0.000000 1.000000 1.000000 0.555121 0.691818 0.461767
-0.28315750 0.10486071 1.24495554 248 252 233 0.000000 1.000000 1.000000 0.664027 -0.015313 0.747552
-0.28319389 0.10794988 1.24497950 245 250 230 0.000000 1.000000 1.000000 0.772933 0.584795 0.246147
-0.28121331 0.10389459 1.24202466 248 249 217 0.000000 1.000000 1.000000 0.885873 -0.293285 0.359463
-0.28402618 0.11091456 1.24221087 251 252 222 0.000000 2.000000 1.000000 0.777862 0.502942 0.376802
-0.28010681 0.10808135 1.24152267 255 254 237 0.000000 2.000000 1.000000 0.871937 0.489201 0.020215
-0.28010637 0.10802937 1.23940742 226 219 180 0.000000 1.000000 1.000000 0.934893 -0.021742 0.354262
-0.28197408 0.10960299 1.24168456 254 254 233 0.000000 2.000000 1.000000 0.429674 0.711699 0.555756
-0.28048113 0.11107862 1.23877335 128 118 33 0.000000 1.000000 1.000000 0.573160 0.699421 0.426963
-0.28020090 0.10960705 1.23679292 105 116 45 0.000000 1.000000 1.000000 0.981424 0.166199 0.095837
-0.28319755 0.10993012 1.24171615 254 254 228 0.000000 1.000000 1.000000 0.492141 0.699006 0.518833
-0.28262815 0.10897021 1.24295783 250 249 223 0.000000 2.000000 1.000000 0.495679 0.667067 0.556169
-0.28076553 0.11086599 1.23931766 151 133 44 0.000000 1.000000 1.000000 0.556483 0.664081 0.499322
-0.28209522 0.10738301 1.24393535 253 253 232 0.000000 2.000000 1.000000 0.497981 0.413080 0.762483
-0.28265744 0.11076529 1.24061751 238 235 197 0.000000 2.000000 1.000000 0.463408 0.680892 0.567132
-0.28131080 0.10473414 1.24292243 254 254 226 0.000000 2.000000 1.000000 0.842530 -0.407978 0.351705
-0.28183955 0.10800554 1.24338102 252 251 227 0.000000 2.000000 1.000000 0.414111 0.640292 0.646945
-0.28044784 0.10858452 1.23781633 111 114 27 0.000000 1.000000 1.000000 0.903886 -0.125110 0.409068
-0.28081584 0.10905846 1.24137866 254 253 233 0.000000 2.000000 1.000000 0.722573 0.537382 0.434866
-0.27972028 0.10908667 1.23940146 181 168 90 0.000000 1.000000 1.000000 0.848939 -0.164454 0.502252
-0.28373718 0.10399333 1.24485695 242 247 225 0.000000 1.000000 1.000000 0.407522 -0.291524 0.865413
-0.28013146 0.10645900 1.24266064 254 254 236 0.000000 2.000000 1.000000 0.821180 -0.245890 0.514977
-0.28010890 0.10723924 1.24080455 254 254 237 0.000000 1.000000 1.000000 0.924088 0.382161 0.003834
-0.28018233 0.11108632 1.23823416 118 120 49 0.000000 1.000000 1.000000 0.595403 0.710219 0.375612
-0.28293315 0.11015264 1.24163091 254 254 229 0.000000 2.000000 1.000000 0.483078 0.697037 0.529882
-0.28184417 0.10637331 1.24406016 254 253 233 0.000000 2.000000 1.000000 0.531080 -0.006757 0.847295
-0.27995747 0.10622697 1.24110901 254 254 237 0.000000 2.000000 1.000000 0.924325 -0.319467 0.208719
-0.28320062 0.10547554 1.24494040 248 252 232 0.000000 1.000000 1.000000 0.649664 -0.055685 0.758179
-0.28309429 0.10795244 1.24479973 246 251 230 0.000000 1.000000 1.000000 0.762295 0.584796 0.277342
-0.28240848 0.10386382 1.24418151 250 251 226 0.000000 1.000000 1.000000 0.616123 -0.049573 0.786088
-0.27987733 0.10990388 1.23956108 167 148 58 0.000000 1.000000 1.000000 0.679524 0.445781 0.582688
-0.28322935 0.10588542 1.24493039 247 251 232 0.000000 1.000000 1.000000 0.620330 -0.110510 0.776517
-0.28139341 0.10903320 1.24199820 254 254 229 0.000000 1.000000 1.000000 0.522788 0.670715 0.526150
-0.28358674 0.10441823 1.24494636 245 249 229 0.000000 1.000000 1.000000 0.540408 -0.166164 0.824833
-0.28409702 0.11050211 1.24240077 250 249 221 0.000000 2.000000 1.000000 0.785517 0.515646 0.342158
-0.28399432 0.10990961 1.24315405 248 248 221 0.000000 2.000000 1.000000 0.798920 0.523648 0.295838
-0.28048110 0.10602897 1.24293077 254 254 234 0.000000 2.000000 1.000000 0.728224 -0.417779 0.543278
-0.28412578 0.11091200 1.24239063 249 249 220 0.000000 2.000000 1.000000 0.836800 0.464199 0.290318
-0.28081283 0.10474695 1.24202371 254 254 229 0.000000 2.000000 1.000000 0.770443 -0.534626 0.347265
-0.28068033 0.11107349 1.23913288 135 116 21 0.000000 1.000000 1.000000 0.555121 0.691818 0.461767
-0.28063154 0.10560407 1.24284136 254 254 233 0.000000 2.000000 1.000000 0.735334 -0.477554 0.480859
-0.28351071 0.11012737 1.24225032 251 250 222 0.000000 2.000000 1.000000 0.651548 0.621554 0.434921
-0.28177178 0.10901305 1.24225807 254 254 228 0.000000 2.000000 1.000000 0.430171 0.689271 0.582974
-0.28092679 0.10494933 1.24219847 254 254 228 0.000000 2.000000 1.000000 0.747384 -0.558502 0.359851
-0.28149301 0.10903063 1.24217784 254 254 228 0.000000 1.000000 1.000000 0.443278 0.705592 0.552852
-0.28084767 0.11006341 1.24043548 221 211 159 0.000000 2.000000 1.000000 0.555754 0.586160 0.589538
-0.27969658 0.10709654 1.24220586 254 255 238 0.000000 2.000000 1.000000 0.934127 0.026983 0.355919
-0.28373718 0.10399333 1.24485695 242 246 225 0.000000 1.000000 1.000000 0.407522 -0.291524 0.865413
-0.28224978 0.10899035 1.24269783 251 251 225 0.000000 2.000000 1.000000 0.449843 0.667240 0.593660
-0.28010637 0.10802937 1.23940742 226 219 180 0.000000 1.000000 1.000000 0.934893 -0.021742 0.354262
-0.28349888 0.10913230 1.24365246 249 249 224 0.000000 2.000000 1.000000 0.764418 0.551990 0.333125
-0.28007454 0.10702442 1.24035060 254 254 238 0.000000 1.000000 1.000000 0.936173 0.351537 -0.001260
-0.28054014 0.10967110 1.24036539 223 213 161 0.000000 1.000000 1.000000 0.707197 0.375750 0.598903
-0.28082147 0.10886341 1.24184275 254 253 237 0.000000 1.000000 1.000000 0.415006 0.719234 0.557200
-0.28391474 0.10992206 1.24343336 249 248 223 0.000000 2.000000 1.000000 0.837144 0.494328 0.234156
-0.28010637 0.10802937 1.23940742 226 219 180 0.000000 1.000000 1.000000 0.934893 -0.021742 0.354262
-0.27998102 0.10688390 1.24275005 254 254 236 0.000000 2.000000 1.000000 0.823744 -0.006830 0.566921
-0.28079426 0.10622623 1.24346495 254 254 231 0.000000 2.000000 1.000000 0.641366 -0.159204 0.750535
-0.28263998 0.10996527 1.24155569 254 254 232 0.000000 2.000000 1.000000 0.461675 0.705013 0.538343
-0.28438500 0.11093652 1.24412715 247 248 229 0.000000 1.000000 1.000000 0.930297 0.366788 -0.003807
-0.28027982 0.10687621 1.24328935 254 254 233 0.000000 2.000000 1.000000 0.719757 0.067793 0.690909
-0.28322938 0.11093507 1.24077296 250 246 216 0.000000 2.000000 1.000000 0.484903 0.672824 0.558729
-0.28111207 0.10984089 1.24052083 235 230 191 0.000000 2.000000 1.000000 0.533320 0.651088 0.540050
-0.28320062 0.10547554 1.24494040 248 252 233 0.000000 1.000000 1.000000 0.649664 -0.055685 0.758179
-0.28121331 0.10389459 1.24202466 249 250 217 0.000000 1.000000 1.000000 0.885873 -0.293285 0.359463
-0.28076199 0.10516929 1.24229288 254 254 231 0.000000 2.000000 1.000000 0.759195 -0.531599 0.375533
-0.28100064 0.10884839 1.24174321 254 254 234 0.000000 2.000000 1.000000 0.468238 0.698191 0.541556
-0.28196844 0.10979805 1.24122047 253 253 229 0.000000 2.000000 1.000000 0.415006 0.719234 0.557200
-0.28220356 0.10778046 1.24364603 252 251 229 0.000000 1.000000 1.000000 0.412277 0.594407 0.690440
-0.28227907 0.11078542 1.24035752 232 231 190 0.000000 1.000000 1.000000 0.455845 0.689611 0.562709
-0.28048113 0.11107862 1.23877335 127 119 35 0.000000 1.000000 1.000000 0.581947 0.694689 0.422782
-0.28249672 0.10796782 1.24372125 252 251 229 0.000000 2.000000 1.000000 0.539527 0.600414 0.590266
-0.28285101 0.11095522 1.24051297 243 239 202 0.000000 2.000000 1.000000 0.467089 0.678032 0.567538
-0.28297469 0.10794511 1.24416101 250 250 229 0.000000 1.000000 1.000000 0.691381 0.595217 0.409523
-0.28246596 0.10468359 1.24416137 251 253 230 0.000000 1.000000 1.000000 0.644083 -0.046920 0.763515
-0.28018233 0.11108632 1.23823416 119 121 49 0.000000 1.000000 1.000000 0.595403 0.710219 0.375612
-0.28380695 0.11090980 1.24139249 254 254 228 0.000000 2.000000 1.000000 0.641936 0.605062 0.470976
-0.28028601 0.10806634 1.24142313 254 254 236 0.000000 2.000000 1.000000 0.887520 0.460443 0.017350
-0.28248033 0.10488854 1.24415636 251 253 230 0.000000 1.000000 1.000000 0.644083 -0.046920 0.763515
-0.28044784 0.10858452 1.23781633 111 114 26 0.000000 1.000000 1.000000 0.903886 -0.125110 0.409068
-0.28078964 0.10785846 1.24278593 255 255 232 0.000000 1.000000 1.000000 0.478315 0.622649 0.619292
-0.28156540 0.10639089 1.24397981 254 254 233 0.000000 2.000000 1.000000 0.546778 0.043130 0.836166
-0.28178361 0.11000812 1.24085593 251 251 222 0.000000 2.000000 1.000000 0.428192 0.719164 0.547226
-0.27978182 0.10688903 1.24239063 254 255 237 0.000000 2.000000 1.000000 0.874569 -0.028474 0.484064
-0.28012905 0.10858233 1.23681808 108 114 34 0.000000 1.000000 1.000000 0.964502 0.025671 0.262824
-0.27979213 0.11011139 1.23937631 153 132 31 0.000000 1.000000 1.000000 0.692998 0.437071 0.573344
-0.28322935 0.10588542 1.24493039 246 251 231 0.000000 1.000000 1.000000 0.620330 -0.110510 0.776517
-0.28331715 0.10993744 1.24235487 251 251 222 0.000000 2.000000 1.000000 0.589070 0.656200 0.471591
-0.28210858 0.10615079 1.24414539 254 254 233 0.000000 1.000000 1.000000 0.510613 -0.158364 0.845101
-0.28010637 0.10802937 1.23940742 225 218 180 0.000000 1.000000 1.000000 0.934893 -0.021742 0.354262
-0.27998310 0.10604180 1.24203205 254 254 237 0.000000 2.000000 1.000000 0.828985 -0.418440 0.371069
-0.28068033 0.11107349 1.23913288 136 117 21 0.000000 1.000000 1.000000 0.555121 0.691818 0.461767
-0.28227907 0.11078542 1.24035752 232 231 189 0.000000 1.000000 1.000000 0.455845 0.689611 0.562709
-0.28305790 0.10486327 1.24477577 249 252 232 0.000000 1.000000 1.000000 0.657320 -0.029558 0.753032
-0.28309429 0.10795244 1.24479973 247 251 230 0.000000 1.000000 1.000000 0.749248 0.592689 0.295546
-0.28018233 0.11108632 1.23823416 119 121 49 0.000000 1.000000 1.000000 0.595403 0.710219 0.375612
-0.28349945 0.11051749 1.24132228 254 254 230 0.000000 2.000000 1.000000 0.553515 0.661190 0.506408
-0.28322938 0.11093507 1.24077296 249 244 210 0.000000 2.000000 1.000000 0.476856 0.674291 0.563861
-0.28282481 0.10975520 1.24192023 253 253 228 0.000000 2.000000 1.000000 0.499766 0.690312 0.523166
-0.28022864 0.10857976 1.23699784 108 115 33 0.000000 1.000000 1.000000 0.960120 0.010980 0.279374
-0.28224465 0.10552095 1.24406099 253 254 232 0.000000 1.000000 1.000000 0.561086 -0.140642 0.815722
-0.28379512 0.10991473 1.24279463 248 248 220 0.000000 2.000000 1.000000 0.736490 0.577161 0.352800
-0.28318626 0.10527059 1.24494553 248 252 233 0.000000 1.000000 1.000000 0.657881 -0.046890 0.751661
-0.28319389 0.10794988 1.24497950 246 251 231 0.000000 1.000000 1.000000 0.772933 0.584795 0.246147
-0.28017214 0.10919715 1.23680305 106 115 39 0.000000 1.000000 1.000000 0.978337 0.096974 0.182901
-0.27996874 0.10583685 1.24203706 255 254 237 0.000000 2.000000 1.000000 0.791738 -0.499454 0.351705
-0.28072187 0.10886597 1.24166298 254 254 236 0.000000 2.000000 1.000000 0.512147 0.676705 0.528938
-0.28414267 0.11032682 1.24378276 248 248 225 0.000000 2.000000 1.000000 0.888887 0.439466 0.129422
-0.28034049 0.10962425 1.23789060 113 118 42 0.000000 1.000000 1.000000 0.964502 0.025671 0.262824
-0.28018850 0.10722680 1.24052536 254 254 236 0.000000 1.000000 1.000000 0.951438 0.306224 0.031505
-0.28074807 0.11006598 1.24025571 214 199 142 0.000000 1.000000 1.000000 0.568852 0.548596 0.612740
-0.28027883 0.11048869 1.23934698 152 133 41 0.000000 1.000000 1.000000 0.609990 0.593092 0.525504
-0.28195661 0.10880298 1.24262261 253 253 227 0.000000 2.000000 1.000000 0.420164 0.669274 0.612809
-0.28030050 0.10960448 1.23697269 106 116 44 0.000000 1.000000 1.000000 0.982439 0.142435 0.120522
-0.28320572 0.10894494 1.24357736 249 249 225 0.000000 2.000000 1.000000 0.686910 0.600839 0.408836
-0.28299779 0.10855006 1.24368691 251 251 226 0.000000 2.000000 1.000000 0.575446 0.632822 0.518071
-0.28067255 0.10706101 1.24354422 254 254 232 0.000000 2.000000 1.000000 0.637144 0.165749 0.752712
-0.28287509 0.10794768 1.24398124 252 251 229 0.000000 1.000000 1.000000 0.654345 0.597445 0.463564
-0.28042516 0.10803156 1.24040568 253 253 232 0.000000 1.000000 1.000000 0.973647 0.205700 0.098487
-0.28224465 0.10552095 1.24406099 253 254 232 0.000000 1.000000 1.000000 0.578087 -0.128628 0.805773
