-0.37775770 -0.15795387 0.49406111 157 164 120 0.000000 1.000000 0.000000 -0.193661 0.041584 0.980187
-0.37682042 -0.15486087 0.49176386 115 115 63 0.000000 1.000000 0.000000 -0.679600 0.569395 -0.462529
-0.37691918 -0.15314363 0.49734583 85 83 16 0.000000 1.000000 0.000000 0.476621 0.309882 0.822682
-0.37406787 -0.15667665 0.50301194 214 213 168 0.000000 1.000000 0.000000 -0.633855 -0.708047 -0.311283
-0.37661922 -0.15870272 0.48843282 164 168 114 0.000000 1.000000 0.000000 -0.736236 -0.597689 -0.317371
-0.37432295 -0.15402751 0.50016737 240 248 207 0.000000 1.000000 0.000000 -0.481539 -0.876375 0.009337
-0.37735903 -0.15564534 0.48693913 126 135 89 0.000000 1.000000 0.000000 -0.991909 0.123849 -0.027894
-0.37750176 -0.15601732 0.48705104 133 143 94 0.000000 1.000000 0.000000 -0.989576 0.089539 -0.112795
-0.39346352 -0.15264696 0.51646370 225 230 198 0.000000 1.000000 0.000000 -0.992995 -0.046003 -0.108837
-0.36784655 -0.15888901 0.49287954 251 253 228 0.000000 1.000000 0.000000 -0.205575 -0.749655 0.629092
-0.37727183 -0.15641151 0.49062514 145 151 96 0.000000 2.000000 0.000000 -0.562668 0.821697 0.090660
-0.36856472 -0.15782838 0.49671340 248 250 210 0.000000 1.000000 0.000000 -0.661583 -0.749042 0.035266
-0.36281422 -0.16144450 0.49325153 254 254 225 0.000000 1.000000 0.000000 -0.925929 0.016741 -0.377326
-0.37213752 -0.15447353 0.49626860 223 230 178 0.000000 1.000000 0.000000 -0.550880 -0.827046 0.111920
-0.37691918 -0.15314363 0.49734583 84 82 15 0.000000 1.000000 0.000000 0.476621 0.309882 0.822682
-0.37123656 -0.15826747 0.49337703 247 251 219 0.000000 1.000000 0.000000 0.106694 -0.583162 0.805319
-0.36562595 -0.16149759 0.49040759 255 255 234 0.000000 1.000000 0.000000 -0.234947 -0.327196 0.915283
-0.37767375 -0.15534590 0.49426669 98 106 49 0.000000 3.000000 0.000000 -0.634398 0.621007 -0.460315
-0.38672054 -0.15287167 0.49156585 160 170 112 0.000000 1.000000 0.000000 0.254047 0.889909 0.378843
-0.38182044 -0.15273997 0.49855861 85 95 47 0.000000 1.000000 0.000000 -0.544822 -0.837438 0.043196
-0.36413309 -0.16017117 0.49396560 252 253 221 0.000000 1.000000 0.000000 -0.578659 -0.815569 -0.001362
-0.36654124 -0.15999652 0.49606618 252 254 217 0.000000 1.000000 0.000000 -0.485736 0.342404 -0.804251
-0.37816635 -0.15574186 0.49415886 118 126 68 0.000000 1.000000 0.000000 -0.432106 0.754132 -0.494540
-0.37431529 -0.16017309 0.48648357 169 176 124 0.000000 1.000000 0.000000 -0.681175 -0.540588 -0.493726
-0.37804669 -0.15730156 0.48790288 173 179 128 0.000000 2.000000 0.000000 -0.908992 0.411950 -0.063481
-0.37900364 -0.15512663 0.49636030 118 126 70 0.000000 1.000000 0.000000 -0.711632 -0.255173 0.654574
-0.37770739 -0.15536489 0.49385464 96 104 50 0.000000 2.000000 0.000000 -0.730422 0.639315 -0.240332
-0.37774965 -0.15864672 0.49085021 161 165 112 0.000000 2.000000 0.000000 -0.701160 -0.707015 -0.092219
-0.38425070 -0.15104944 0.49709961 100 97 30 0.000000 2.000000 0.000000 -0.482090 0.863684 -0.147103
-0.37432188 -0.15668988 0.50295013 226 225 183 0.000000 1.000000 0.000000 -0.640808 -0.720313 -0.265546
-0.38195968 -0.15912123 0.50992048 249 253 228 0.000000 1.000000 0.000000 -0.681274 -0.497146 -0.537319
-0.38385212 -0.15910490 0.51215249 242 249 213 0.000000 1.000000 0.000000 -0.680499 -0.107758 -0.724783
-0.37171492 -0.15849756 0.50149047 244 246 211 0.000000 1.000000 0.000000 -0.527394 -0.848537 0.042911
-0.39103872 -0.15025158 0.51374459 177 174 124 0.000000 2.000000 0.000000 -0.731926 -0.107941 -0.672780
-0.37701091 -0.15904173 0.48956111 159 162 105 0.000000 1.000000 0.000000 -0.703583 -0.672243 -0.230349
-0.38458881 -0.16041060 0.51268846 225 234 195 0.000000 1.000000 0.000000 -0.652811 -0.146242 -0.743270
-0.37499022 -0.15486895 0.48978594 113 110 56 0.000000 1.000000 0.000000 -0.551676 0.669054 -0.498017
-0.36528376 -0.16128889 0.49061945 254 254 232 0.000000 1.000000 0.000000 -0.339061 -0.488693 0.803876
-0.37352249 -0.16087241 0.48670048 175 179 127 0.000000 1.000000 0.000000 -0.506181 -0.858674 -0.080369
-0.37531623 -0.16008738 0.48947096 161 165 110 0.000000 1.000000 0.000000 -0.522664 -0.849506 -0.071849
-0.37123656 -0.15826747 0.49337703 248 251 220 0.000000 1.000000 0.000000 0.106694 -0.583162 0.805319
-0.37065548 -0.15569818 0.49653655 247 252 212 0.000000 1.000000 0.000000 -0.630104 -0.742678 -0.226712
-0.37680766 -0.15748537 0.48672947 154 162 110 0.000000 1.000000 0.000000 -0.822105 -0.239074 -0.516708
-0.36783135 -0.15776148 0.49756491 249 253 210 0.000000 1.000000 0.000000 -0.799284 -0.442260 -0.406879
-0.36875600 -0.15736902 0.49462956 248 253 213 0.000000 1.000000 0.000000 -0.422540 -0.741501 0.521188
-0.36586156 -0.16013341 0.49219289 254 254 231 0.000000 1.000000 0.000000 -0.257472 -0.753462 0.604981
-0.37589225 -0.15551156 0.48864216 126 134 82 0.000000 1.000000 0.000000 -0.205813 0.924027 0.322203
-0.37711123 -0.15514295 0.49412829 90 96 38 0.000000 3.000000 0.000000 -0.610041 0.650154 -0.452935
-0.37714598 -0.15711252 0.49580136 231 235 203 0.000000 1.000000 0.000000 0.293774 -0.018593 0.955694
-0.37432188 -0.15668988 0.50295013 226 225 183 0.000000 1.000000 0.000000 -0.640808 -0.720313 -0.265546
-0.37515712 -0.15912323 0.48583886 171 178 128 0.000000 1.000000 0.000000 -0.798054 -0.601004 0.043633
-0.37698889 -0.15693361 0.48680198 148 156 105 0.000000 1.000000 0.000000 -0.888127 -0.135865 -0.439058
-0.38045326 -0.15220955 0.49227080 131 111 37 0.000000 1.000000 0.000000 -0.179904 0.919353 -0.349892
-0.38151291 -0.15237382 0.48945522 126 116 53 0.000000 1.000000 0.000000 -0.554155 0.794550 -0.248199
-0.37573814 -0.15573169 0.49637103 121 135 77 0.000000 1.000000 0.000000 0.120410 -0.443393 0.888203
-0.37730330 -0.15465632 0.49703118 136 149 94 0.000000 1.000000 0.000000 0.076021 -0.580912 0.810408
-0.37797675 -0.15749454 0.48765665 185 191 142 0.000000 1.000000 0.000000 -0.629457 0.759898 0.162294
-0.38672054 -0.15287167 0.49156585 160 170 112 0.000000 1.000000 0.000000 0.254047 0.889909 0.378843
-0.37852660 -0.15535010 0.49500155 114 123 64 0.000000 2.000000 0.000000 -0.491288 0.665670 -0.561711
-0.37561059 -0.15897317 0.48545331 171 178 128 0.000000 1.000000 0.000000 -0.809767 -0.328027 0.486494
-0.38056099 -0.15324709 0.49847916 144 149 93 0.000000 2.000000 0.000000 -0.018172 -0.666766 0.745045
-0.37255231 -0.15425830 0.49737325 248 252 214 0.000000 1.000000 0.000000 -0.702062 -0.562646 -0.436507
-0.38619736 -0.15746875 0.51368183 246 254 224 0.000000 1.000000 0.000000 -0.670170 -0.495489 -0.552596
-0.39101562 -0.15080583 0.51376826 196 194 153 0.000000 2.000000 0.000000 -0.614937 -0.076327 -0.784873
-0.38619736 -0.15746875 0.51368183 246 254 225 0.000000 1.000000 0.000000 -0.670170 -0.495489 -0.552596
-0.39122984 -0.14880328 0.51311159 240 243 214 0.000000 2.000000 0.000000 -0.679959 -0.593509 -0.430585
-0.38055328 -0.15343183 0.49848706 149 154 97 0.000000 1.000000 0.000000 0.029416 -0.631743 0.774620
-0.37678456 -0.15803961 0.48675314 161 169 117 0.000000 1.000000 0.000000 -0.806913 -0.315473 -0.499367
-0.37495762 -0.15332569 0.49985433 242 253 211 0.000000 1.000000 0.000000 -0.647496 -0.586951 -0.486042
-0.37703878 -0.15406987 0.49748138 125 136 77 0.000000 1.000000 0.000000 0.094704 -0.619218 0.779487
-0.38196737 -0.15893647 0.50991261 248 251 225 0.000000 1.000000 0.000000 -0.679749 -0.518624 -0.518624
-0.37573814 -0.15573169 0.49637103 121 135 77 0.000000 1.000000 0.000000 0.120410 -0.443393 0.888203
-0.36920944 -0.15721895 0.49424398 248 253 215 0.000000 1.000000 0.000000 -0.247369 -0.641268 0.726350
-0.37499022 -0.15486895 0.48978594 113 109 54 0.000000 1.000000 0.000000 -0.547201 0.658325 -0.516894
-0.37531623 -0.16008738 0.48947096 162 165 111 0.000000 1.000000 0.000000 -0.522664 -0.849506 -0.071849
-0.38423407 -0.16132937 0.51253551 228 240 198 0.000000 1.000000 0.000000 -0.615060 -0.058509 -0.786306
-0.36991724 -0.15657401 0.49701542 248 253 212 0.000000 1.000000 0.000000 -0.654229 -0.725713 -0.212896
-0.37255231 -0.15425830 0.49737325 248 252 214 0.000000 1.000000 0.000000 -0.702062 -0.562646 -0.436507
-0.38863561 -0.15047240 0.51056588 228 228 187 0.000000 2.000000 0.000000 -0.616063 -0.685432 -0.388136
-0.38848257 -0.15512908 0.51425940 183 190 147 0.000000 1.000000 0.000000 -0.570530 -0.790084 -0.224192
-0.38182044 -0.15273997 0.49855861 85 95 47 0.000000 1.000000 0.000000 -0.544822 -0.837438 0.043196
-0.38705221 -0.15115929 0.51030201 200 200 164 0.000000 1.000000 0.000000 -0.679749 -0.518624 -0.518624
-0.37723771 -0.15591170 0.48926920 134 143 88 0.000000 1.000000 0.000000 -0.529444 0.836197 0.143053
-0.37701863 -0.15885697 0.48955324 159 162 106 0.000000 1.000000 0.000000 -0.707607 -0.666814 -0.233777
-0.37611580 -0.15575568 0.49183068 134 144 83 0.000000 1.000000 0.000000 -0.019859 -0.197425 0.980117
-0.38193592 -0.15245467 0.49231997 150 150 91 0.000000 1.000000 0.000000 -0.103617 0.981314 -0.162130
-0.38582924 -0.15130527 0.49699083 129 138 76 0.000000 2.000000 0.000000 -0.362262 0.925476 0.110729
-0.38373736 -0.15148488 0.49508259 132 130 65 0.000000 1.000000 0.000000 -0.164100 0.921486 -0.352044
-0.38210139 -0.15278050 0.48918945 126 128 67 0.000000 1.000000 0.000000 -0.372676 0.887539 -0.270901
-0.38718390 -0.15047722 0.50903434 250 253 213 0.000000 1.000000 0.000000 -0.613033 -0.518461 -0.596145
-0.36991674 -0.15609318 0.49524745 248 253 210 0.000000 1.000000 0.000000 -0.476790 -0.805281 0.352410
-0.36654124 -0.15999652 0.49606618 252 254 217 0.000000 1.000000 0.000000 -0.485736 0.342404 -0.804251
-0.38424516 -0.15300834 0.49028939 135 144 82 0.000000 1.000000 0.000000 -0.153439 0.930308 -0.333142
-0.37894440 -0.15688178 0.49427488 145 153 100 0.000000 2.000000 0.000000 -0.992145 0.041573 -0.117979
-0.37775770 -0.15795387 0.49406111 157 164 120 0.000000 1.000000 0.000000 -0.193661 0.041584 0.980187
-0.37752265 -0.15617485 0.48772508 141 150 99 0.000000 1.000000 0.000000 -0.960546 0.276389 -0.030985
-0.39083439 -0.15135759 0.51369572 210 204 170 0.000000 1.000000 0.000000 -0.965162 -0.257128 -0.048444
-0.37623572 -0.16441083 0.50637162 253 255 231 0.000000 1.000000 0.000000 -0.615060 -0.058509 -0.786306
-0.38076812 -0.16113605 0.50933409 253 255 233 0.000000 1.000000 0.000000 -0.642232 0.052689 -0.764697
-0.37884867 -0.15785997 0.49298200 150 158 108 0.000000 2.000000 0.000000 -0.966431 -0.050865 -0.251843
-0.38848257 -0.15512908 0.51425940 182 189 147 0.000000 1.000000 0.000000 -0.570530 -0.790084 -0.224192
-0.38048267 -0.16039208 0.50911027 252 254 232 0.000000 1.000000 0.000000 -0.701670 -0.139733 -0.698665
-0.37521932 -0.15315416 0.49978468 243 254 212 0.000000 1.000000 0.000000 -0.650926 -0.489456 -0.580283
-0.37130386 -0.15581946 0.49867338 244 249 208 0.000000 1.000000 0.000000 -0.588332 -0.794922 -0.148206
-0.38672054 -0.15287167 0.49156585 160 170 112 0.000000 1.000000 0.000000 0.254047 0.889909 0.378843
-0.39144644 -0.15169086 0.51517427 201 199 169 0.000000 1.000000 0.000000 -0.273116 0.960312 -0.056637
-0.36586156 -0.16013341 0.49219289 253 253 231 0.000000 1.000000 0.000000 -0.257472 -0.753462 0.604981
-0.38848257 -0.15512908 0.51425940 183 190 147 0.000000 1.000000 0.000000 -0.570530 -0.790084 -0.224192
-0.37623572 -0.16441083 0.50637162 253 255 231 0.000000 1.000000 0.000000 -0.615060 -0.058509 -0.786306
-0.37352249 -0.16087241 0.48670048 175 179 128 0.000000 1.000000 0.000000 -0.506181 -0.858674 -0.080369
-0.36624759 -0.15895647 0.49408224 251 253 216 0.000000 1.000000 0.000000 -0.555647 -0.828497 0.069634
-0.37169474 -0.15618575 0.49481493 140 151 95 0.000000 2.000000 0.000000 0.200720 -0.456452 0.866812
-0.38182044 -0.15273997 0.49855861 85 95 47 0.000000 1.000000 0.000000 -0.544822 -0.837438 0.043196
-0.37850133 -0.15661614 0.49572286 168 176 135 0.000000 1.000000 0.000000 -0.355744 -0.503836 0.787144
-0.36364898 -0.16204914 0.49293187 254 255 224 0.000000 1.000000 0.000000 -0.706405 0.697482 0.120461
-0.37714183 -0.15590097 0.48942715 132 141 86 0.000000 1.000000 0.000000 -0.488988 0.859742 0.147426
-0.37682042 -0.15486087 0.49176386 115 115 64 0.000000 1.000000 0.000000 -0.679600 0.569395 -0.462529
-0.37345523 -0.16083446 0.48752454 171 176 122 0.000000 1.000000 0.000000 -0.465672 -0.884909 -0.009287
-0.36366171 -0.16191059 0.49184582 254 254 229 0.000000 1.000000 0.000000 -0.842468 -0.309891 0.440699
-0.38030699 -0.15323387 0.49854097 132 140 86 0.000000 2.000000 0.000000 0.009712 -0.647900 0.761664
-0.39103368 -0.15020537 0.51482278 198 195 156 0.000000 1.000000 0.000000 -0.975836 -0.210236 -0.059547
-0.38623539 -0.15606417 0.51187444 229 236 196 0.000000 1.000000 0.000000 -0.592297 -0.757442 -0.274712
-0.37814561 -0.15657325 0.49203402 155 160 105 0.000000 3.000000 0.000000 -0.566660 0.820730 -0.072795
-0.37388778 -0.16052687 0.48646498 172 177 126 0.000000 1.000000 0.000000 -0.619202 -0.725351 -0.300755
-0.37680766 -0.15748537 0.48672947 153 161 110 0.000000 1.000000 0.000000 -0.822984 -0.232282 -0.518403
-0.37801027 -0.15403865 0.49481589 74 77 30 0.000000 1.000000 0.000000 -0.859353 -0.511295 -0.009443
-0.37802345 -0.15686688 0.48937735 163 171 114 0.000000 2.000000 0.000000 -0.836274 0.539764 -0.096438
-0.38299859 -0.15187989 0.49379349 136 135 73 0.000000 1.000000 0.000000 -0.156565 0.894861 -0.417985
-0.37707710 -0.15464315 0.49277237 97 97 46 0.000000 1.000000 0.000000 -0.664698 0.740999 -0.095376
-0.39084980 -0.15098809 0.51367998 203 199 162 0.000000 2.000000 0.000000 -0.860641 -0.182201 -0.475500
-0.39122763 -0.14951506 0.51380926 191 190 144 0.000000 2.000000 0.000000 -0.697562 -0.176307 -0.694495
-0.39139014 -0.14809400 0.51251006 237 237 205 0.000000 2.000000 0.000000 -0.739172 -0.474592 -0.477899
-0.37776124 -0.15655757 0.48767903 159 168 116 0.000000 2.000000 0.000000 -0.865374 -0.031344 0.500145
-0.37791583 -0.15795636 0.49415728 156 163 119 0.000000 1.000000 0.000000 -0.193661 0.041584 0.980187
-0.37589225 -0.15551156 0.48864216 126 134 82 0.000000 1.000000 0.000000 -0.205813 0.924027 0.322203
-0.37643799 -0.15925448 0.48836032 167 172 120 0.000000 1.000000 0.000000 -0.675012 -0.690895 -0.258887
-0.39292142 -0.15212071 0.51523137 224 225 192 0.000000 1.000000 0.000000 -0.437964 0.898558 -0.027955
-0.37028250 -0.15622847 0.49677992 247 252 212 0.000000 1.000000 0.000000 -0.641371 -0.735002 -0.220033
-0.37823644 -0.15653779 0.49295425 156 162 108 0.000000 2.000000 0.000000 -0.560779 0.810349 -0.169888
-0.38876227 -0.14974414 0.51037639 235 234 204 0.000000 1.000000 0.000000 -0.633413 -0.685789 -0.358443
-0.37698421 -0.15637931 0.49109897 130 136 82 0.000000 2.000000 0.000000 -0.397137 0.915956 0.057498
-0.37993133 -0.15399511 0.49771404 108 122 71 0.000000 1.000000 0.000000 -0.523800 -0.783297 0.334783
-0.37515712 -0.15912323 0.48583886 172 179 129 0.000000 1.000000 0.000000 -0.798054 -0.601004 0.043633
-0.38533130 -0.15712227 0.51226509 228 234 197 0.000000 1.000000 0.000000 -0.645945 -0.645945 -0.406829
-0.36383572 -0.16202442 0.49369416 254 254 226 0.000000 1.000000 0.000000 -0.607012 0.586722 -0.535997
-0.36393598 -0.16061158 0.49214089 253 254 222 0.000000 1.000000 0.000000 -0.537257 -0.641677 0.547362
-0.37893951 -0.15782450 0.49390224 146 154 106 0.000000 1.000000 0.000000 -0.945267 -0.026574 0.325213
-0.37499022 -0.15486895 0.48978594 113 109 55 0.000000 1.000000 0.000000 -0.547201 0.658325 -0.516894
-0.39136422 -0.14789027 0.51291424 240 243 209 0.000000 1.000000 0.000000 -0.792468 -0.144763 -0.592485
-0.38458881 -0.16041060 0.51268846 225 235 195 0.000000 1.000000 0.000000 -0.652811 -0.146242 -0.743270
-0.38830176 -0.15289657 0.49252740 174 182 130 0.000000 1.000000 0.000000 0.465777 0.127551 0.875661
-0.38048267 -0.16039208 0.50911027 252 254 232 0.000000 1.000000 0.000000 -0.701670 -0.139733 -0.698665
-0.39103368 -0.15020537 0.51482278 198 195 156 0.000000 1.000000 0.000000 -0.975836 -0.210236 -0.059547
-0.36586156 -0.16013341 0.49219289 254 254 231 0.000000 1.000000 0.000000 -0.257472 -0.753462 0.604981
-0.38421440 -0.15126140 0.49644133 105 108 45 0.000000 2.000000 0.000000 -0.569734 0.814530 -0.109284
-0.38682213 -0.15191242 0.49676731 146 150 94 0.000000 1.000000 0.000000 -0.576233 -0.252789 0.777208
-0.38205776 -0.15842018 0.50906485 239 244 205 0.000000 1.000000 0.000000 -0.636258 -0.662699 -0.394975
-0.36875600 -0.15736902 0.49462956 248 253 213 0.000000 1.000000 0.000000 -0.422540 -0.741501 0.521188
-0.38476118 -0.15234195 0.49337670 148 154 94 0.000000 1.000000 0.000000 -0.093405 0.987252 -0.128875
-0.37361443 -0.15682672 0.50339752 192 191 142 0.000000 1.000000 0.000000 -0.609152 -0.678864 -0.409974
-0.39132571 -0.14881402 0.51295364 243 245 213 0.000000 2.000000 0.000000 -0.732446 -0.497666 -0.464599
-0.39083439 -0.15135759 0.51369572 209 205 171 0.000000 1.000000 0.000000 -0.965162 -0.257128 -0.048444
-0.38853201 -0.15064642 0.51073170 226 226 183 0.000000 1.000000 0.000000 -0.608965 -0.688180 -0.394424
-0.37777826 -0.15861949 0.49151635 172 178 131 0.000000 2.000000 0.000000 -0.762130 -0.646613 -0.032401
-0.37352249 -0.16087241 0.48670048 175 179 128 0.000000 1.000000 0.000000 -0.506181 -0.858674 -0.080369
-0.37261900 -0.15743946 0.50109988 229 232 191 0.000000 1.000000 0.000000 -0.565486 0.422870 -0.708101
-0.36422396 -0.16013570 0.49488583 249 251 211 0.000000 1.000000 0.000000 -0.719012 -0.577513 -0.386654
-0.37293631 -0.15478206 0.49850944 244 251 207 0.000000 1.000000 0.000000 -0.643732 -0.692377 -0.325920
-0.36756647 -0.15768313 0.49479634 247 253 212 0.000000 1.000000 0.000000 -0.614252 -0.784798 0.082382
-0.37714598 -0.15711252 0.49580136 231 234 203 0.000000 1.000000 0.000000 0.293774 -0.018593 0.955694
-0.38045326 -0.15220955 0.49227080 131 111 37 0.000000 1.000000 0.000000 -0.179904 0.919353 -0.349892
-0.38299859 -0.15187989 0.49379349 136 135 73 0.000000 1.000000 0.000000 -0.156565 0.894861 -0.417985
-0.37150785 -0.15522155 0.49550346 111 123 60 0.000000 1.000000 0.000000 0.107876 -0.663508 0.740351
-0.37678456 -0.15803961 0.48675314 161 169 117 0.000000 1.000000 0.000000 -0.804520 -0.315778 -0.503023
-0.37130386 -0.15581946 0.49867338 244 249 208 0.000000 1.000000 0.000000 -0.588332 -0.794922 -0.148206
-0.37065548 -0.15569818 0.49653655 247 252 211 0.000000 1.000000 0.000000 -0.630104 -0.742678 -0.226712
-0.38006067 -0.15303589 0.49859488 117 128 77 0.000000 1.000000 0.000000 -0.009705 -0.661315 0.750045
-0.36827710 -0.15779617 0.49718723 247 250 206 0.000000 1.000000 0.000000 -0.723865 -0.686299 0.070797
-0.37432295 -0.15402751 0.50016737 240 248 206 0.000000 1.000000 0.000000 -0.481539 -0.876375 0.009337
-0.37518480 -0.15564840 0.48908952 121 125 76 0.000000 1.000000 0.000000 -0.611443 0.767752 -0.191555
-0.36859885 -0.15832819 0.49806932 249 253 213 0.000000 1.000000 0.000000 -0.641936 0.470976 -0.605062
-0.37441888 -0.15999907 0.48631775 169 175 123 0.000000 1.000000 0.000000 -0.688603 -0.504305 -0.521059
-0.37065548 -0.15569818 0.49653655 247 252 211 0.000000 1.000000 0.000000 -0.630104 -0.742678 -0.226712
-0.37817153 -0.15677698 0.49162987 157 162 108 0.000000 3.000000 0.000000 -0.528771 0.819979 -0.219172
-0.38718390 -0.15047722 0.50903434 250 253 214 0.000000 1.000000 0.000000 -0.613033 -0.518461 -0.596145
-0.37794408 -0.15843724 0.49160463 154 159 108 0.000000 1.000000 0.000000 -0.784092 -0.560964 -0.265554
-0.37472585 -0.15527143 0.48878530 116 116 67 0.000000 1.000000 0.000000 -0.563396 0.824722 -0.049174
-0.37717545 -0.15591995 0.48901510 137 145 91 0.000000 1.000000 0.000000 -0.561289 0.814389 0.147394
-0.37701091 -0.15904173 0.48956111 158 161 105 0.000000 1.000000 0.000000 -0.703583 -0.672243 -0.230349
-0.37817118 -0.15728506 0.48841107 168 175 123 0.000000 2.000000 0.000000 -0.834353 0.376957 -0.402193
-0.37742630 -0.15568329 0.48611504 122 131 79 0.000000 1.000000 0.000000 -0.989041 0.135342 0.058995
-0.37573814 -0.15573169 0.49637103 120 135 77 0.000000 1.000000 0.000000 0.120410 -0.443393 0.888203
-0.37691918 -0.15314363 0.49734583 85 83 16 0.000000 1.000000 0.000000 0.476621 0.309882 0.822682
-0.36885187 -0.15737975 0.49447161 248 252 213 0.000000 1.000000 0.000000 -0.379228 -0.723980 0.576229
-0.37200612 -0.15713346 0.49463460 250 253 224 0.000000 1.000000 0.000000 0.157409 -0.431791 0.888132
-0.37573814 -0.15573169 0.49637103 121 135 77 0.000000 1.000000 0.000000 0.120410 -0.443393 0.888203
-0.37569878 -0.15916865 0.48530325 173 180 130 0.000000 1.000000 0.000000 -0.697943 -0.196538 0.688657
-0.37441888 -0.15999907 0.48631775 169 176 124 0.000000 1.000000 0.000000 -0.688603 -0.504305 -0.521059
-0.37756735 -0.15476194 0.49481302 83 89 37 0.000000 3.000000 0.000000 -0.905439 0.200727 -0.374017
-0.37441730 -0.15508169 0.48858511 114 111 62 0.000000 1.000000 0.000000 -0.522081 0.851671 0.045699
-0.37801027 -0.15403865 0.49481589 74 77 30 0.000000 1.000000 0.000000 -0.859353 -0.511295 -0.009443
-0.38045326 -0.15220955 0.49227080 131 111 37 0.000000 1.000000 0.000000 -0.179904 0.919353 -0.349892
-0.37261900 -0.15743946 0.50109988 229 231 191 0.000000 1.000000 0.000000 -0.565486 0.422870 -0.708101
-0.36550695 -0.16204111 0.49058917 255 254 236 0.000000 1.000000 0.000000 -0.374576 -0.096709 0.922139
-0.37720457 -0.15637356 0.49144921 140 146 92 0.000000 2.000000 0.000000 -0.570700 0.820641 0.029160
-0.38659373 -0.15261102 0.49320614 167 176 120 0.000000 1.000000 0.000000 -0.703145 0.697122 0.140027
-0.38151291 -0.15237382 0.48945522 127 116 53 0.000000 1.000000 0.000000 -0.554155 0.794550 -0.248199
-0.38238668 -0.15253556 0.49086410 126 128 63 0.000000 1.000000 0.000000 -0.168442 0.976966 -0.131011
-0.38994679 -0.14938381 0.51128781 238 239 199 0.000000 1.000000 0.000000 -0.737622 -0.409060 -0.537199
-0.36586156 -0.16013341 0.49219289 254 254 231 0.000000 1.000000 0.000000 -0.257472 -0.753462 0.604981
-0.37622440 -0.15562786 0.49058667 120 126 74 0.000000 1.000000 0.000000 -0.797066 0.442815 -0.410610
-0.37528053 -0.15467019 0.49038240 109 104 51 0.000000 1.000000 0.000000 -0.502216 0.724317 -0.472381
-0.36390233 -0.16059262 0.49255294 251 252 219 0.000000 1.000000 0.000000 -0.643337 -0.688941 0.333884
-0.37691918 -0.15314363 0.49734583 84 83 15 0.000000 1.000000 0.000000 0.476621 0.309882 0.822682
-0.37397200 -0.15666592 0.50316989 207 205 159 0.000000 1.000000 0.000000 -0.625227 -0.700320 -0.344446
-0.38853201 -0.15064642 0.51073170 227 227 183 0.000000 1.000000 0.000000 -0.608965 -0.688180 -0.394424
-0.37622440 -0.15562786 0.49058667 121 127 75 0.000000 1.000000 0.000000 -0.814667 0.447987 -0.368274
-0.37643799 -0.15925448 0.48836032 168 172 120 0.000000 1.000000 0.000000 -0.675012 -0.690895 -0.258887
-0.37432295 -0.15402751 0.50016737 240 249 206 0.000000 1.000000 0.000000 -0.481539 -0.876375 0.009337
-0.37569878 -0.15916865 0.48530325 173 180 130 0.000000 1.000000 0.000000 -0.697943 -0.196538 0.688657
-0.37643799 -0.15925448 0.48836032 168 171 119 0.000000 1.000000 0.000000 -0.675012 -0.690895 -0.258887
-0.38385212 -0.15910490 0.51215249 242 249 213 0.000000 1.000000 0.000000 -0.680499 -0.107758 -0.724783
-0.37216929 -0.15469620 0.49977300 243 252 208 0.000000 1.000000 0.000000 -0.787601 -0.338460 -0.514908
-0.37623981 -0.15525836 0.49057090 119 123 72 0.000000 1.000000 0.000000 -0.702767 0.430300 -0.566534
-0.38139361 -0.15207757 0.50497758 247 253 207 0.000000 1.000000 0.000000 -0.551178 -0.066595 -0.831726
-0.36827710 -0.15779617 0.49718723 247 250 207 0.000000 1.000000 0.000000 -0.764008 -0.645193 -0.004145
-0.37892318 -0.15474640 0.49650249 102 110 56 0.000000 2.000000 0.000000 -0.978335 -0.079193 0.191281
-0.37432188 -0.15668988 0.50295013 226 225 183 0.000000 1.000000 0.000000 -0.640808 -0.720313 -0.265546
-0.39144644 -0.15169086 0.51517427 201 200 169 0.000000 1.000000 0.000000 -0.273116 0.960312 -0.056637
-0.37557083 -0.15447146 0.49097887 105 99 47 0.000000 1.000000 0.000000 -0.445984 0.796975 -0.407343
-0.37361443 -0.15682672 0.50339752 193 191 142 0.000000 1.000000 0.000000 -0.609152 -0.678864 -0.409974
-0.38718390 -0.15047722 0.50903434 249 252 214 0.000000 1.000000 0.000000 -0.613033 -0.518461 -0.596145
-0.37573987 -0.15205313 0.50002587 218 234 180 0.000000 1.000000 0.000000 -0.616135 -0.152151 -0.772805
-0.37521932 -0.15315416 0.49978468 243 254 212 0.000000 1.000000 0.000000 -0.650926 -0.489456 -0.580283
-0.38898483 -0.14902660 0.51002896 247 252 212 0.000000 1.000000 0.000000 -0.584507 -0.020727 -0.811124
-0.36998549 -0.15757364 0.49972728 239 241 200 0.000000 1.000000 0.000000 -0.636886 -0.020904 -0.770674
-0.37216929 -0.15469620 0.49977300 243 252 208 0.000000 1.000000 0.000000 -0.787601 -0.338460 -0.514908
-0.37573987 -0.15205313 0.50002587 218 234 180 0.000000 1.000000 0.000000 -0.616135 -0.152151 -0.772805
-0.36737487 -0.15865059 0.49366137 249 251 219 0.000000 1.000000 0.000000 -0.317966 -0.778139 0.541661
-0.36358675 -0.16205738 0.49267778 254 254 224 0.000000 1.000000 0.000000 -0.801028 0.541826 0.254518
-0.38423407 -0.16132937 0.51253551 228 240 198 0.000000 1.000000 0.000000 -0.615060 -0.058509 -0.786306
-0.38385212 -0.15910490 0.51215249 242 249 213 0.000000 1.000000 0.000000 -0.680499 -0.107758 -0.724783
-0.38619736 -0.15746875 0.51368183 246 254 225 0.000000 1.000000 0.000000 -0.670170 -0.495489 -0.552596
-0.38848257 -0.15512908 0.51425940 183 190 147 0.000000 1.000000 0.000000 -0.570530 -0.790084 -0.224192
-0.39139345 -0.14933281 0.51389754 198 197 149 0.000000 2.000000 0.000000 -0.544627 -0.066487 -0.836039
-0.37643799 -0.15925448 0.48836032 168 172 120 0.000000 1.000000 0.000000 -0.675012 -0.690895 -0.258887
-0.39103928 -0.14710838 0.50919390 240 251 208 0.000000 1.000000 0.000000 -0.548528 -0.717561 -0.429211
-0.37569878 -0.15916865 0.48530325 173 180 130 0.000000 1.000000 0.000000 -0.697943 -0.196538 0.688657
-0.37345523 -0.16083446 0.48752454 171 176 122 0.000000 1.000000 0.000000 -0.465672 -0.884909 -0.009287
-0.38853201 -0.15064642 0.51073170 227 227 183 0.000000 1.000000 0.000000 -0.608965 -0.688180 -0.394424
-0.37926552 -0.15594402 0.49483982 135 142 90 0.000000 2.000000 0.000000 -0.532261 0.676660 -0.508754
-0.38216129 -0.15249512 0.49159205 133 132 71 0.000000 1.000000 0.000000 -0.078433 0.995326 -0.056339
-0.38218957 -0.15297599 0.48903939 126 129 68 0.000000 1.000000 0.000000 -0.361324 0.893646 -0.266161
-0.38830176 -0.15289657 0.49252740 174 181 130 0.000000 1.000000 0.000000 0.465777 0.127551 0.875661
-0.36422396 -0.16013570 0.49488583 249 251 210 0.000000 1.000000 0.000000 -0.719012 -0.577513 -0.386654
-0.38623539 -0.15606417 0.51187444 229 236 196 0.000000 1.000000 0.000000 -0.592297 -0.757442 -0.274712
-0.38205776 -0.15842018 0.50906485 239 244 205 0.000000 1.000000 0.000000 -0.636258 -0.662699 -0.394975
-0.37573987 -0.15205313 0.50002587 217 234 180 0.000000 1.000000 0.000000 -0.616135 -0.152151 -0.772805
-0.36769897 -0.15945974 0.49239498 253 254 231 0.000000 1.000000 0.000000 -0.148583 -0.772933 0.616845
-0.36756647 -0.15768313 0.49479634 248 253 213 0.000000 1.000000 0.000000 -0.614252 -0.784798 0.082382
-0.37884095 -0.15804473 0.49298987 148 157 107 0.000000 1.000000 0.000000 -0.934587 -0.078436 -0.346980
-0.36525014 -0.16126990 0.49103150 253 252 231 0.000000 1.000000 0.000000 -0.545668 -0.552426 0.630137
-0.37679249 -0.15387189 0.49753529 120 131 70 0.000000 1.000000 0.000000 0.104429 -0.633931 0.766307
-0.37361443 -0.15682672 0.50339752 193 191 142 0.000000 1.000000 0.000000 -0.609152 -0.678864 -0.409974
-0.36998549 -0.15757364 0.49972728 239 242 200 0.000000 1.000000 0.000000 -0.636886 -0.020904 -0.770674
-0.37153661 -0.15618326 0.49471876 100 114 53 0.000000 1.000000 0.000000 0.188051 -0.522030 0.831938
-0.38076812 -0.16113605 0.50933409 253 255 233 0.000000 1.000000 0.000000 -0.642232 0.052689 -0.764697
-0.37993133 -0.15399511 0.49771404 108 123 71 0.000000 1.000000 0.000000 -0.523800 -0.783297 0.334783
-0.38492164 -0.15262158 0.49132439 144 152 93 0.000000 1.000000 0.000000 -0.118879 0.957560 -0.262578
-0.38619736 -0.15746875 0.51368183 246 254 225 0.000000 1.000000 0.000000 -0.670170 -0.495489 -0.552596
-0.37216929 -0.15469620 0.49977300 243 252 208 0.000000 1.000000 0.000000 -0.787601 -0.338460 -0.514908
-0.36998549 -0.15757364 0.49972728 238 241 200 0.000000 1.000000 0.000000 -0.636886 -0.020904 -0.770674
-0.37919259 -0.15439011 0.49642494 75 86 38 0.000000 1.000000 0.000000 -0.728777 0.275883 -0.626716
-0.37688267 -0.15485263 0.49201795 110 110 58 0.000000 1.000000 0.000000 -0.684661 0.632121 -0.362854
-0.37573987 -0.15205313 0.50002587 218 234 180 0.000000 1.000000 0.000000 -0.616135 -0.152151 -0.772805
-0.37441888 -0.15999907 0.48631775 168 175 123 0.000000 1.000000 0.000000 -0.688603 -0.504305 -0.521059
-0.37707710 -0.15464315 0.49277237 97 97 46 0.000000 1.000000 0.000000 -0.664698 0.740999 -0.095376
-0.36991674 -0.15609318 0.49524745 247 253 211 0.000000 1.000000 0.000000 -0.476790 -0.805281 0.352410
-0.37499022 -0.15486895 0.48978594 113 109 55 0.000000 1.000000 0.000000 -0.552571 0.660062 -0.508903
-0.37768960 -0.15794319 0.48989844 153 157 98 0.000000 1.000000 0.000000 -0.759718 -0.577386 -0.299089
-0.37735903 -0.15564534 0.48693913 125 134 88 0.000000 1.000000 0.000000 -0.991909 0.123849 -0.027894
-0.37843859 -0.15614355 0.49370080 140 147 92 0.000000 2.000000 0.000000 -0.575702 0.741115 -0.345421
-0.38423407 -0.16132937 0.51253551 228 240 198 0.000000 1.000000 0.000000 -0.615060 -0.058509 -0.786306
-0.37897032 -0.15708551 0.49387071 139 147 95 0.000000 3.000000 0.000000 -0.969874 0.165714 0.178560
-0.37714598 -0.15711252 0.49580136 229 233 201 0.000000 1.000000 0.000000 0.286908 -0.026083 0.957603
-0.36537963 -0.16129962 0.49046150 254 254 232 0.000000 1.000000 0.000000 -0.297829 -0.502685 0.811545
-0.38423407 -0.16132937 0.51253551 227 240 198 0.000000 1.000000 0.000000 -0.615060 -0.058509 -0.786306
-0.38196737 -0.15893647 0.50991261 248 251 225 0.000000 1.000000 0.000000 -0.679749 -0.518624 -0.518624
-0.37623572 -0.16441083 0.50637162 253 255 231 0.000000 1.000000 0.000000 -0.615060 -0.058509 -0.786306
-0.38579291 -0.15151724 0.49633259 139 144 85 0.000000 2.000000 0.000000 -0.310102 0.933087 -0.182168
-0.37123656 -0.15826747 0.49337703 248 251 220 0.000000 1.000000 0.000000 0.106694 -0.583162 0.805319
-0.37726933 -0.15514544 0.49422443 87 93 37 0.000000 3.000000 0.000000 -0.677788 0.597853 -0.427989
-0.38579023 -0.15174820 0.49526227 142 145 89 0.000000 1.000000 0.000000 -0.224397 0.921885 -0.315871
-0.38045484 -0.15712693 0.49000344 190 196 147 0.000000 1.000000 0.000000 -0.121172 0.960252 -0.251464
-0.37643799 -0.15925448 0.48836032 168 172 120 0.000000 1.000000 0.000000 -0.675012 -0.690895 -0.258887
-0.39346352 -0.15264696 0.51646370 224 229 197 0.000000 1.000000 0.000000 -0.992995 -0.046003 -0.108837
-0.39121994 -0.14969982 0.51381713 186 184 134 0.000000 2.000000 0.000000 -0.664686 -0.152923 -0.731305
-0.38564599 -0.15930879 0.51347220 236 244 202 0.000000 1.000000 0.000000 -0.629618 0.035214 -0.776106
-0.38195968 -0.15912123 0.50992048 250 253 228 0.000000 1.000000 0.000000 -0.681274 -0.497146 -0.537319
-0.38864329 -0.15028766 0.51055795 230 230 192 0.000000 2.000000 0.000000 -0.621079 -0.686976 -0.377260
-0.37679249 -0.15387189 0.49753529 120 131 70 0.000000 1.000000 0.000000 0.104429 -0.633931 0.766307
-0.37993133 -0.15399511 0.49771404 108 123 71 0.000000 1.000000 0.000000 -0.523800 -0.783297 0.334783
-0.39158958 -0.14793071 0.51218629 232 231 200 0.000000 1.000000 0.000000 -0.669761 -0.616579 -0.413823
-0.37515712 -0.15912323 0.48583886 172 179 129 0.000000 1.000000 0.000000 -0.798054 -0.601004 0.043633
-0.37505248 -0.15486071 0.49004003 111 107 54 0.000000 1.000000 0.000000 -0.537645 0.678337 -0.500797
-0.36409679 -0.16038314 0.49330735 251 252 219 0.000000 1.000000 0.000000 -0.640586 -0.758940 0.116874
-0.37200612 -0.15713346 0.49463460 249 252 224 0.000000 1.000000 0.000000 0.157409 -0.431791 0.888132
-0.38576430 -0.15154447 0.49566644 141 145 88 0.000000 1.000000 0.000000 -0.258049 0.925269 -0.278008
-0.37752160 -0.15883723 0.49050784 176 183 136 0.000000 1.000000 0.000000 -0.864320 -0.486270 -0.128422
-0.37531623 -0.16008738 0.48947096 161 164 111 0.000000 1.000000 0.000000 -0.522664 -0.849506 -0.071849
-0.37679994 -0.15767013 0.48673737 157 165 113 0.000000 1.000000 0.000000 -0.815263 -0.276970 -0.508561
-0.37499022 -0.15486895 0.48978594 113 109 55 0.000000 1.000000 0.000000 -0.547201 0.658325 -0.516894
-0.37103632 -0.15597206 0.49483448 177 187 130 0.000000 2.000000 0.000000 0.040322 -0.552001 0.832868
-0.36464140 -0.16217546 0.49094036 254 254 233 0.000000 1.000000 0.000000 -0.505644 -0.433174 0.746113
-0.37964857 -0.15302017 0.49856052 126 136 80 0.000000 2.000000 0.000000 0.099932 -0.557592 0.824078
-0.37708277 -0.15615910 0.49201134 134 141 87 0.000000 2.000000 0.000000 -0.535391 0.837183 -0.111721
-0.37746862 -0.15647918 0.48923105 163 171 114 0.000000 2.000000 0.000000 -0.928799 0.368654 0.037777
-0.38045326 -0.15220955 0.49227080 131 111 37 0.000000 1.000000 0.000000 -0.179904 0.919353 -0.349892
-0.38619736 -0.15746875 0.51368183 245 253 225 0.000000 1.000000 0.000000 -0.670170 -0.495489 -0.552596
-0.36719081 -0.15844437 0.49396941 248 250 215 0.000000 1.000000 0.000000 -0.399513 -0.807049 0.434812
-0.38182044 -0.15273997 0.49855861 85 95 47 0.000000 1.000000 0.000000 -0.544822 -0.837438 0.043196
-0.36454269 -0.16140674 0.49147883 253 253 232 0.000000 1.000000 0.000000 -0.526798 -0.500040 0.687346
-0.38385212 -0.15910490 0.51215249 242 249 213 0.000000 1.000000 0.000000 -0.680499 -0.107758 -0.724783
-0.38423407 -0.16132937 0.51253551 228 240 198 0.000000 1.000000 0.000000 -0.615060 -0.058509 -0.786306
-0.37623572 -0.16441083 0.50637162 252 255 230 0.000000 1.000000 0.000000 -0.615060 -0.058509 -0.786306
-0.37531623 -0.16008738 0.48947096 162 165 111 0.000000 1.000000 0.000000 -0.522664 -0.849506 -0.071849
-0.37110895 -0.15554811 0.49615100 193 201 152 0.000000 2.000000 0.000000 -0.421482 -0.885552 0.195321
-0.37899327 -0.15554233 0.49529788 123 131 75 0.000000 2.000000 0.000000 -0.755073 0.515940 -0.404562
-0.37611580 -0.15575568 0.49183068 133 143 82 0.000000 2.000000 0.000000 -0.054649 -0.149995 0.987175
-0.37685171 -0.15460269 0.49350029 79 82 33 0.000000 1.000000 0.000000 -0.955676 0.221159 -0.194352
-0.38035470 -0.15242977 0.49135843 137 117 46 0.000000 1.000000 0.000000 -0.077503 0.996924 -0.011679
-0.39103368 -0.15020537 0.51482278 198 195 156 0.000000 1.000000 0.000000 -0.975836 -0.210236 -0.059547
-0.38623539 -0.15606417 0.51187444 230 237 196 0.000000 1.000000 0.000000 -0.592297 -0.757442 -0.274712
-0.38193592 -0.15245467 0.49231997 151 150 91 0.000000 1.000000 0.000000 -0.103617 0.981314 -0.162130
-0.37764782 -0.15514217 0.49467084 90 98 44 0.000000 3.000000 0.000000 -0.799433 0.384436 -0.461645
-0.38564599 -0.15930879 0.51347220 236 244 202 0.000000 1.000000 0.000000 -0.629618 0.035214 -0.776106
-0.39135650 -0.14807501 0.51292211 240 243 211 0.000000 2.000000 0.000000 -0.775797 -0.304265 -0.552776
-0.36576867 -0.16186959 0.49051949 255 255 238 0.000000 1.000000 0.000000 -0.313847 0.026469 0.949104
-0.39103928 -0.14710838 0.50919390 240 250 207 0.000000 1.000000 0.000000 -0.548528 -0.717561 -0.429211
-0.38672054 -0.15287167 0.49156585 160 170 111 0.000000 1.000000 0.000000 0.254047 0.889909 0.378843
-0.37802109 -0.15658973 0.49152583 157 162 108 0.000000 3.000000 0.000000 -0.586461 0.802911 -0.106762
-0.37701091 -0.15904173 0.48956111 159 162 106 0.000000 1.000000 0.000000 -0.703583 -0.672243 -0.230349
-0.37441888 -0.15999907 0.48631775 169 176 124 0.000000 1.000000 0.000000 -0.688603 -0.504305 -0.521059
-0.38848257 -0.15512908 0.51425940 182 189 147 0.000000 1.000000 0.000000 -0.570530 -0.790084 -0.224192
-0.37521932 -0.15315416 0.49978468 243 254 212 0.000000 1.000000 0.000000 -0.650926 -0.489456 -0.580283
-0.37768742 -0.15865496 0.49059612 164 169 117 0.000000 2.000000 0.000000 -0.753865 -0.647645 -0.110646
-0.37681535 -0.15730062 0.48672161 151 159 108 0.000000 1.000000 0.000000 -0.830067 -0.207896 -0.517464
-0.37345523 -0.16083446 0.48752454 171 176 122 0.000000 1.000000 0.000000 -0.465672 -0.884909 -0.009287
-0.36892229 -0.15766758 0.49648580 250 251 215 0.000000 1.000000 0.000000 -0.618912 -0.777683 -0.110258
-0.38507777 -0.15183884 0.49678782 117 128 69 0.000000 2.000000 0.000000 -0.575362 0.811334 -0.103420
-0.37171492 -0.15849756 0.50149047 244 246 211 0.000000 1.000000 0.000000 -0.527394 -0.848537 0.042911
-0.38898483 -0.14902660 0.51002896 246 252 212 0.000000 1.000000 0.000000 -0.584507 -0.020727 -0.811124
-0.36892229 -0.15766758 0.49648580 250 251 214 0.000000 1.000000 0.000000 -0.618912 -0.777683 -0.110258
-0.38705221 -0.15115929 0.51030201 201 201 165 0.000000 1.000000 0.000000 -0.679749 -0.518624 -0.518624
-0.37130386 -0.15581946 0.49867338 244 249 207 0.000000 1.000000 0.000000 -0.588332 -0.794922 -0.148206
-0.36881873 -0.15784159 0.49665162 248 251 211 0.000000 1.000000 0.000000 -0.652485 -0.757770 -0.006927
-0.37213752 -0.15447353 0.49626860 222 230 178 0.000000 1.000000 0.000000 -0.550880 -0.827046 0.111920
-0.38458881 -0.16041060 0.51268846 224 235 195 0.000000 1.000000 0.000000 -0.652811 -0.146242 -0.743270
-0.38533130 -0.15712227 0.51226509 227 234 197 0.000000 1.000000 0.000000 -0.645945 -0.645945 -0.406829
-0.38205776 -0.15842018 0.50906485 238 243 204 0.000000 1.000000 0.000000 -0.636258 -0.662699 -0.394975
-0.39117530 -0.14862677 0.51284957 246 246 213 0.000000 2.000000 0.000000 -0.773371 -0.402153 -0.490073
-0.36930531 -0.15722968 0.49408606 248 252 215 0.000000 1.000000 0.000000 -0.181324 -0.592732 0.784723
-0.38232175 -0.15277475 0.48953971 127 131 70 0.000000 1.000000 0.000000 -0.318149 0.907532 -0.274166
-0.37794408 -0.15843724 0.49160463 154 159 108 0.000000 1.000000 0.000000 -0.784092 -0.560964 -0.265554
-0.38205776 -0.15842018 0.50906485 239 244 205 0.000000 1.000000 0.000000 -0.636258 -0.662699 -0.394975
-0.37881961 -0.15492041 0.49666831 121 128 72 0.000000 1.000000 0.000000 -0.624924 -0.409433 0.664707
-0.38423407 -0.16132937 0.51253551 227 240 197 0.000000 1.000000 0.000000 -0.615060 -0.058509 -0.786306
-0.36382470 -0.16097036 0.49231461 253 254 223 0.000000 1.000000 0.000000 -0.730458 -0.452188 0.511817
-0.38254482 -0.15253805 0.49096027 126 128 63 0.000000 1.000000 0.000000 -0.159259 0.979013 -0.127161
-0.38492164 -0.15262158 0.49132439 144 152 93 0.000000 1.000000 0.000000 -0.118879 0.957560 -0.262578
-0.37730330 -0.15465632 0.49703118 138 151 96 0.000000 2.000000 0.000000 0.072924 -0.584819 0.807879
-0.38373736 -0.15148488 0.49508259 132 130 65 0.000000 1.000000 0.000000 -0.164100 0.921486 -0.352044
-0.37123656 -0.15826747 0.49337703 248 250 220 0.000000 1.000000 0.000000 0.106694 -0.583162 0.805319
-0.38533130 -0.15712227 0.51226509 228 234 197 0.000000 1.000000 0.000000 -0.645945 -0.645945 -0.406829
-0.38048267 -0.16039208 0.50911027 251 254 232 0.000000 1.000000 0.000000 -0.701670 -0.139733 -0.698665
-0.37835795 -0.15477438 0.49529380 107 110 50 0.000000 3.000000 0.000000 -0.561808 0.695175 -0.448446
-0.36547551 -0.16131034 0.49030355 255 255 233 0.000000 1.000000 0.000000 -0.185323 -0.472945 0.861382
-0.37733927 -0.15495245 0.49447066 83 90 37 0.000000 3.000000 0.000000 -0.832392 0.402770 -0.380657
-0.36413309 -0.16017117 0.49396560 252 253 221 0.000000 1.000000 0.000000 -0.578659 -0.815569 -0.001362
-0.38482845 -0.15237990 0.49255264 147 155 95 0.000000 1.000000 0.000000 -0.073903 0.992572 -0.096642
-0.37721515 -0.15446083 0.49718127 134 147 92 0.000000 1.000000 0.000000 0.082016 -0.588498 0.804328
-0.36422396 -0.16013570 0.49488583 249 251 211 0.000000 1.000000 0.000000 -0.719012 -0.577513 -0.386654
-0.38672054 -0.15287167 0.49156585 160 169 111 0.000000 1.000000 0.000000 0.254047 0.889909 0.378843
-0.37441730 -0.15508169 0.48858511 113 111 61 0.000000 1.000000 0.000000 -0.522081 0.851671 0.045699
-0.37993133 -0.15399511 0.49771404 108 123 71 0.000000 1.000000 0.000000 -0.523800 -0.783297 0.334783
-0.37560287 -0.15915792 0.48546118 172 179 129 0.000000 1.000000 0.000000 -0.776619 -0.325059 0.539630
-0.38106215 -0.15229294 0.49091110 132 112 41 0.000000 1.000000 0.000000 -0.145740 0.987534 0.059462
-0.39103368 -0.15020537 0.51482278 197 195 156 0.000000 1.000000 0.000000 -0.975836 -0.210236 -0.059547
-0.38623539 -0.15606417 0.51187444 230 237 197 0.000000 1.000000 0.000000 -0.592297 -0.757442 -0.274712
-0.39158958 -0.14793071 0.51218629 232 231 200 0.000000 1.000000 0.000000 -0.669761 -0.616579 -0.413823
-0.37293631 -0.15478206 0.49850944 243 251 207 0.000000 1.000000 0.000000 -0.643732 -0.692377 -0.325920
-0.39158958 -0.14793071 0.51218629 232 231 200 0.000000 1.000000 0.000000 -0.669761 -0.616579 -0.413823
-0.39148602 -0.14810473 0.51235211 233 233 202 0.000000 2.000000 0.000000 -0.699893 -0.556922 -0.447200
-0.37432295 -0.15402751 0.50016737 240 249 206 0.000000 1.000000 0.000000 -0.481539 -0.876375 0.009337
-0.36756647 -0.15768313 0.49479634 248 253 213 0.000000 1.000000 0.000000 -0.614252 -0.784798 0.082382
-0.37794408 -0.15843724 0.49160463 154 159 107 0.000000 1.000000 0.000000 -0.784092 -0.560964 -0.265554
-0.37565902 -0.15466693 0.49082881 107 104 52 0.000000 1.000000 0.000000 -0.502972 0.743740 -0.440307
-0.37345523 -0.16083446 0.48752454 171 176 122 0.000000 1.000000 0.000000 -0.465672 -0.884909 -0.009287
-0.37588769 -0.15843214 0.48536786 166 172 121 0.000000 1.000000 0.000000 -0.908744 -0.417107 -0.014383
-0.38876227 -0.14974414 0.51037639 234 234 204 0.000000 1.000000 0.000000 -0.633413 -0.685789 -0.358443
-0.37441730 -0.15508169 0.48858511 113 110 61 0.000000 1.000000 0.000000 -0.522081 0.851671 0.045699
-0.37993133 -0.15399511 0.49771404 107 122 71 0.000000 1.000000 0.000000 -0.523800 -0.783297 0.334783
-0.37755126 -0.15614763 0.48839122 143 151 99 0.000000 1.000000 0.000000 -0.797168 0.596787 0.091478
-0.37768960 -0.15794319 0.48989844 153 157 98 0.000000 1.000000 0.000000 -0.759648 -0.574134 -0.305458
-0.37679273 -0.15833570 0.48851320 162 166 110 0.000000 1.000000 0.000000 -0.766925 -0.537654 -0.350363
-0.36737487 -0.15865059 0.49366137 249 250 218 0.000000 1.000000 0.000000 -0.324291 -0.784370 0.528771
-0.37733927 -0.15495245 0.49447066 82 89 36 0.000000 2.000000 0.000000 -0.830186 0.374770 -0.412721
-0.36941928 -0.15663996 0.49498263 248 253 211 0.000000 1.000000 0.000000 -0.458265 -0.785367 0.416163
-0.36364630 -0.16228010 0.49186155 254 254 231 0.000000 1.000000 0.000000 -0.878351 -0.365600 0.307954
-0.36586156 -0.16013341 0.49219289 253 253 230 0.000000 1.000000 0.000000 -0.257472 -0.753462 0.604981
-0.37850133 -0.15661614 0.49572286 168 176 135 0.000000 1.000000 0.000000 -0.355744 -0.503836 0.787144
-0.38385212 -0.15910490 0.51215249 242 249 213 0.000000 1.000000 0.000000 -0.680499 -0.107758 -0.724783
-0.38623539 -0.15606417 0.51187444 230 237 197 0.000000 1.000000 0.000000 -0.592297 -0.757442 -0.274712
-0.38431028 -0.15127213 0.49628341 115 115 50 0.000000 2.000000 0.000000 -0.399654 0.896678 -0.190381
-0.37872136 -0.15711848 0.49285433 151 158 105 0.000000 3.000000 0.000000 -0.985830 0.129934 -0.106093
-0.37682042 -0.15486087 0.49176386 114 114 62 0.000000 1.000000 0.000000 -0.678202 0.584887 -0.444914
-0.38414711 -0.15122345 0.49726543 92 88 23 0.000000 1.000000 0.000000 -0.575362 0.811334 -0.103420
-0.37903491 -0.15735440 0.49197632 167 171 119 0.000000 1.000000 0.000000 -0.989226 0.080396 -0.122342
-0.37441730 -0.15508169 0.48858511 114 111 62 0.000000 1.000000 0.000000 -0.522081 0.851671 0.045699
-0.37768960 -0.15794319 0.48989844 153 157 98 0.000000 1.000000 0.000000 -0.759648 -0.574134 -0.305458
-0.38659373 -0.15261102 0.49320614 167 176 121 0.000000 1.000000 0.000000 -0.703145 0.697122 0.140027
-0.36393598 -0.16061158 0.49214089 253 254 222 0.000000 1.000000 0.000000 -0.537257 -0.641677 0.547362
-0.37255231 -0.15425830 0.49737325 248 252 214 0.000000 1.000000 0.000000 -0.702062 -0.562646 -0.436507
-0.37742630 -0.15568329 0.48611504 122 131 79 0.000000 1.000000 0.000000 -0.989041 0.135342 0.058995
-0.37704673 -0.15834892 0.48845142 161 166 110 0.000000 1.000000 0.000000 -0.774385 -0.522184 -0.357284
-0.38195968 -0.15912123 0.50992048 250 253 229 0.000000 1.000000 0.000000 -0.681274 -0.497146 -0.537319
-0.38994679 -0.14938381 0.51128781 238 239 199 0.000000 1.000000 0.000000 -0.737622 -0.409060 -0.537199
-0.37261900 -0.15743946 0.50109988 229 232 191 0.000000 1.000000 0.000000 -0.565486 0.422870 -0.708101
-0.38139361 -0.15207757 0.50497758 247 253 206 0.000000 1.000000 0.000000 -0.551178 -0.066595 -0.831726
-0.36783135 -0.15776148 0.49756491 249 252 210 0.000000 1.000000 0.000000 -0.799284 -0.442260 -0.406879
-0.36454269 -0.16140674 0.49147883 253 254 233 0.000000 1.000000 0.000000 -0.521746 -0.485073 0.701773
-0.38533130 -0.15712227 0.51226509 228 234 197 0.000000 1.000000 0.000000 -0.645945 -0.645945 -0.406829
-0.37531623 -0.16008738 0.48947096 162 165 111 0.000000 1.000000 0.000000 -0.522664 -0.849506 -0.071849
-0.38579023 -0.15174820 0.49526227 142 145 89 0.000000 1.000000 0.000000 -0.224397 0.921885 -0.315871
-0.39149371 -0.14791998 0.51234424 233 233 202 0.000000 2.000000 0.000000 -0.711158 -0.524625 -0.467999
-0.39158958 -0.14793071 0.51218629 232 230 200 0.000000 1.000000 0.000000 -0.669761 -0.616579 -0.413823
-0.37939456 -0.15300696 0.49862230 135 144 84 0.000000 2.000000 0.000000 0.203340 -0.446753 0.871243
-0.37729225 -0.15608822 0.48953119 142 151 95 0.000000 2.000000 0.000000 -0.582227 0.805145 0.112926
-0.38630608 -0.15257882 0.49368000 168 176 119 0.000000 1.000000 0.000000 -0.920358 -0.221859 0.322054
-0.38373736 -0.15148488 0.49508259 132 130 65 0.000000 1.000000 0.000000 -0.164100 0.921486 -0.352044
-0.36998549 -0.15757364 0.49972728 239 242 200 0.000000 1.000000 0.000000 -0.636886 -0.020904 -0.770674
-0.37623572 -0.16441083 0.50637162 252 255 231 0.000000 1.000000 0.000000 -0.615060 -0.058509 -0.786306
-0.37803447 -0.15792094 0.49075690 163 167 116 0.000000 2.000000 0.000000 -0.871705 -0.312959 -0.377077
-0.37848008 -0.15696670 0.49183005 159 164 110 0.000000 3.000000 0.000000 -0.711600 0.661333 -0.237200
-0.36654124 -0.15999652 0.49606618 252 254 217 0.000000 1.000000 0.000000 -0.485736 0.342404 -0.804251
-0.38898483 -0.14902660 0.51002896 246 251 212 0.000000 1.000000 0.000000 -0.584507 -0.020727 -0.811124
-0.37216929 -0.15469620 0.49977300 243 252 207 0.000000 1.000000 0.000000 -0.787601 -0.338460 -0.514908
-0.37811214 -0.15505725 0.49711567 204 209 165 0.000000 1.000000 0.000000 -0.012497 -0.656780 0.753978
-0.39103103 -0.15043633 0.51375246 178 174 129 0.000000 2.000000 0.000000 -0.824228 -0.130760 -0.550954
-0.37823629 -0.15554886 0.49440509 116 126 66 0.000000 2.000000 0.000000 -0.491288 0.665670 -0.561711
-0.38216129 -0.15249512 0.49159205 133 132 71 0.000000 1.000000 0.000000 -0.081311 0.994665 -0.063489
-0.37521932 -0.15315416 0.49978468 243 254 212 0.000000 1.000000 0.000000 -0.650926 -0.489456 -0.580283
-0.38218957 -0.15297599 0.48903939 126 129 68 0.000000 1.000000 0.000000 -0.361324 0.893646 -0.266161
-0.38830176 -0.15289657 0.49252740 174 182 130 0.000000 1.000000 0.000000 0.465777 0.127551 0.875661
-0.37921080 -0.15477860 0.49602866 92 99 42 0.000000 3.000000 0.000000 -0.814147 0.525707 -0.246570
-0.37521932 -0.15315416 0.49978468 243 254 211 0.000000 1.000000 0.000000 -0.650926 -0.489456 -0.580283
-0.37293631 -0.15478206 0.49850944 244 251 207 0.000000 1.000000 0.000000 -0.643732 -0.692377 -0.325920
-0.36991724 -0.15657401 0.49701542 247 252 211 0.000000 1.000000 0.000000 -0.654229 -0.725713 -0.212896
-0.36756647 -0.15768313 0.49479634 248 253 213 0.000000 1.000000 0.000000 -0.614252 -0.784798 0.082382
-0.36413309 -0.16017117 0.49396560 251 253 221 0.000000 1.000000 0.000000 -0.578659 -0.815569 -0.001362
-0.36373985 -0.16201368 0.49385211 254 254 227 0.000000 1.000000 0.000000 -0.580650 0.563721 -0.587421
-0.36473727 -0.16218619 0.49078244 254 253 232 0.000000 1.000000 0.000000 -0.505644 -0.433174 0.746113
-0.36361536 -0.16203018 0.49334392 254 254 225 0.000000 1.000000 0.000000 -0.690967 0.635428 -0.344667
-0.38385212 -0.15910490 0.51215249 242 249 213 0.000000 1.000000 0.000000 -0.680499 -0.107758 -0.724783
-0.38623539 -0.15606417 0.51187444 229 237 197 0.000000 1.000000 0.000000 -0.592297 -0.757442 -0.274712
-0.37255231 -0.15425830 0.49737325 248 251 214 0.000000 1.000000 0.000000 -0.702062 -0.562646 -0.436507
-0.37730122 -0.15884298 0.49015757 168 173 122 0.000000 2.000000 0.000000 -0.797545 -0.580444 -0.164334
-0.36428380 -0.16233625 0.49116799 254 254 235 0.000000 1.000000 0.000000 -0.613798 -0.427496 0.663701
-0.38564599 -0.15930879 0.51347220 236 244 201 0.000000 1.000000 0.000000 -0.629618 0.035214 -0.776106
-0.37611678 -0.15671735 0.49536660 179 186 141 0.000000 1.000000 0.000000 0.101259 -0.417520 0.903008
-0.37910518 -0.15665331 0.49544132 144 153 104 0.000000 1.000000 0.000000 -0.934864 -0.242476 0.259295
-0.36650929 -0.15878494 0.49401259 250 252 216 0.000000 1.000000 0.000000 -0.514029 -0.837733 0.184331
-0.37573814 -0.15573169 0.49637103 121 135 77 0.000000 1.000000 0.000000 0.120410 -0.443393 0.888203
-0.37666795 -0.15637434 0.49090666 128 134 80 0.000000 1.000000 0.000000 -0.568299 0.820562 -0.060940
-0.38533130 -0.15712227 0.51226509 228 234 197 0.000000 1.000000 0.000000 -0.645945 -0.645945 -0.406829
-0.38718390 -0.15047722 0.50903434 250 253 214 0.000000 1.000000 0.000000 -0.613033 -0.518461 -0.596145
-0.38994679 -0.14938381 0.51128781 238 239 199 0.000000 1.000000 0.000000 -0.737622 -0.409060 -0.537199
-0.36422396 -0.16013570 0.49488583 248 250 211 0.000000 1.000000 0.000000 -0.719012 -0.577513 -0.386654
-0.38139361 -0.15207757 0.50497758 246 252 207 0.000000 1.000000 0.000000 -0.551178 -0.066595 -0.831726
-0.39103928 -0.14710838 0.50919390 240 250 207 0.000000 1.000000 0.000000 -0.548528 -0.717561 -0.429211
-0.38458881 -0.16041060 0.51268846 225 234 195 0.000000 1.000000 0.000000 -0.652811 -0.146242 -0.743270
-0.36769897 -0.15945974 0.49239498 253 254 231 0.000000 1.000000 0.000000 -0.148583 -0.772933 0.616845
-0.37103632 -0.15597206 0.49483448 188 197 141 0.000000 2.000000 0.000000 0.023415 -0.552321 0.833302
-0.37964857 -0.15302017 0.49856052 130 140 82 0.000000 2.000000 0.000000 0.142380 -0.512273 0.846938
-0.36769897 -0.15945974 0.49239498 253 254 230 0.000000 1.000000 0.000000 -0.148583 -0.772933 0.616845
-0.37731081 -0.15596859 0.49235371 143 152 94 0.000000 1.000000 0.000000 -0.421793 0.900661 -0.104404
-0.37611678 -0.15671735 0.49536660 179 187 142 0.000000 1.000000 0.000000 0.101259 -0.417520 0.903008
-0.37624750 -0.15507361 0.49056304 117 120 69 0.000000 1.000000 0.000000 -0.681534 0.473892 -0.557618
-0.37850133 -0.15661614 0.49572286 167 175 134 0.000000 1.000000 0.000000 -0.366234 -0.498530 0.785710
-0.37856308 -0.15612707 0.49420899 129 137 81 0.000000 2.000000 0.000000 -0.723031 0.531105 -0.441761
-0.37749723 -0.15645196 0.48989719 151 159 100 0.000000 2.000000 0.000000 -0.696949 0.711560 0.089128
-0.38167104 -0.15237631 0.48955137 127 117 55 0.000000 1.000000 0.000000 -0.529787 0.809441 -0.253241
-0.38830176 -0.15289657 0.49252740 174 182 129 0.000000 1.000000 0.000000 0.465777 0.127551 0.875661
-0.37623572 -0.16441083 0.50637162 253 255 231 0.000000 1.000000 0.000000 -0.615060 -0.058509 -0.786306
-0.38299859 -0.15187989 0.49379349 136 135 73 0.000000 1.000000 0.000000 -0.156565 0.894861 -0.417985
-0.37764448 -0.15638931 0.48716298 148 157 105 0.000000 2.000000 0.000000 -0.992612 -0.005460 0.121210
-0.37518480 -0.15564840 0.48908952 121 125 76 0.000000 1.000000 0.000000 -0.595927 0.786021 -0.164446
-0.36837298 -0.15780690 0.49702930 247 249 205 0.000000 1.000000 0.000000 -0.680704 -0.714207 0.162943
-0.36997899 -0.15608494 0.49550155 247 252 211 0.000000 1.000000 0.000000 -0.521208 -0.818157 0.242818
-0.37171492 -0.15849756 0.50149047 244 246 211 0.000000 1.000000 0.000000 -0.527394 -0.848537 0.042911
-0.36859885 -0.15832819 0.49806932 248 252 213 0.000000 1.000000 0.000000 -0.641936 0.470976 -0.605062
-0.36391288 -0.16116583 0.49216452 254 254 224 0.000000 1.000000 0.000000 -0.728402 -0.339056 0.595375
-0.38682213 -0.15191242 0.49676731 146 149 94 0.000000 1.000000 0.000000 -0.576233 -0.252789 0.777208
-0.38228813 -0.15275577 0.48995176 127 132 71 0.000000 1.000000 0.000000 -0.306587 0.913948 -0.265902
-0.38424516 -0.15300834 0.49028939 135 144 83 0.000000 1.000000 0.000000 -0.153439 0.930308 -0.333142
-0.38048267 -0.16039208 0.50911027 252 254 232 0.000000 1.000000 0.000000 -0.701670 -0.139733 -0.698665
-0.36402982 -0.16232303 0.49122977 254 254 236 0.000000 1.000000 0.000000 -0.659615 -0.420359 0.623062
-0.36991724 -0.15657401 0.49701542 247 253 211 0.000000 1.000000 0.000000 -0.654229 -0.725713 -0.212896
-0.36768073 -0.15907127 0.49279127 252 254 229 0.000000 1.000000 0.000000 -0.192262 -0.758283 0.622930
-0.37201381 -0.15694870 0.49462670 237 241 206 0.000000 1.000000 0.000000 0.183271 -0.391075 0.901927
-0.37714598 -0.15711252 0.49580136 231 234 203 0.000000 1.000000 0.000000 0.293774 -0.018593 0.955694
-0.38424516 -0.15300834 0.49028939 135 144 82 0.000000 1.000000 0.000000 -0.153439 0.930308 -0.333142
-0.36287379 -0.16166720 0.49243534 253 254 222 0.000000 1.000000 0.000000 -0.810309 0.094222 0.578378
-0.37171492 -0.15849756 0.50149047 244 246 211 0.000000 1.000000 0.000000 -0.527394 -0.848537 0.042911
-0.37859684 -0.15713497 0.49234611 161 166 113 0.000000 3.000000 0.000000 -0.918979 0.389262 -0.062870
-0.37361443 -0.15682672 0.50339752 193 191 142 0.000000 1.000000 0.000000 -0.609152 -0.678864 -0.409974
-0.36859885 -0.15832819 0.49806932 248 252 213 0.000000 1.000000 0.000000 -0.641936 0.470976 -0.605062
-0.39103928 -0.14710838 0.50919390 240 251 208 0.000000 1.000000 0.000000 -0.548528 -0.717561 -0.429211
-0.37130386 -0.15581946 0.49867338 243 249 207 0.000000 1.000000 0.000000 -0.588332 -0.794922 -0.148206
-0.37150785 -0.15522155 0.49550346 112 124 61 0.000000 2.000000 0.000000 0.104563 -0.670084 0.734884
-0.39346352 -0.15264696 0.51646370 225 230 198 0.000000 1.000000 0.000000 -0.992995 -0.046003 -0.108837
-0.37531623 -0.16008738 0.48947096 162 165 111 0.000000 1.000000 0.000000 -0.522664 -0.849506 -0.071849
-0.37681535 -0.15730062 0.48672161 151 159 108 0.000000 1.000000 0.000000 -0.830067 -0.207896 -0.517464
-0.37765601 -0.15543826 0.49643093 136 155 102 0.000000 2.000000 0.000000 -0.223718 -0.797669 0.560066
-0.39103103 -0.15043633 0.51375246 180 177 132 0.000000 2.000000 0.000000 -0.794869 -0.122401 -0.594308
-0.38863561 -0.15047240 0.51056588 228 228 187 0.000000 2.000000 0.000000 -0.616063 -0.685432 -0.388136
-0.38473526 -0.15213822 0.49378088 151 156 96 0.000000 1.000000 0.000000 -0.140893 0.948677 -0.283127
-0.36473727 -0.16218619 0.49078244 255 254 233 0.000000 1.000000 0.000000 -0.505644 -0.433174 0.746113
-0.36654124 -0.15999652 0.49606618 252 254 217 0.000000 1.000000 0.000000 -0.485736 0.342404 -0.804251
-0.36892229 -0.15766758 0.49648580 250 252 215 0.000000 1.000000 0.000000 -0.618912 -0.777683 -0.110258
-0.36390233 -0.16059262 0.49255294 251 252 219 0.000000 1.000000 0.000000 -0.643337 -0.688941 0.333884
-0.37213752 -0.15447353 0.49626860 222 230 178 0.000000 1.000000 0.000000 -0.550880 -0.827046 0.111920
-0.37679273 -0.15833570 0.48851320 162 167 111 0.000000 1.000000 0.000000 -0.766925 -0.537654 -0.350363
-0.38533130 -0.15712227 0.51226509 227 234 197 0.000000 1.000000 0.000000 -0.645945 -0.645945 -0.406829
-0.39292142 -0.15212071 0.51523137 223 225 192 0.000000 1.000000 0.000000 -0.437964 0.898558 -0.027955
-0.38848257 -0.15512908 0.51425940 183 190 147 0.000000 1.000000 0.000000 -0.570530 -0.790084 -0.224192
-0.38473526 -0.15213822 0.49378088 151 156 97 0.000000 1.000000 0.000000 -0.140893 0.948677 -0.283127
-0.37858599 -0.15706983 0.48951572 157 165 106 0.000000 2.000000 0.000000 -0.902485 -0.317569 -0.290981
-0.39144644 -0.15169086 0.51517427 201 200 169 0.000000 1.000000 0.000000 -0.273116 0.960312 -0.056637
-0.38619736 -0.15746875 0.51368183 246 254 225 0.000000 1.000000 0.000000 -0.670170 -0.495489 -0.552596
-0.38564599 -0.15930879 0.51347220 236 244 202 0.000000 1.000000 0.000000 -0.629618 0.035214 -0.776106
-0.36782831 -0.15850054 0.49327582 250 254 226 0.000000 1.000000 0.000000 -0.243703 -0.734252 0.633627
-0.38486210 -0.15239888 0.49214059 147 156 96 0.000000 1.000000 0.000000 -0.079291 0.985814 -0.147931
-0.38076812 -0.16113605 0.50933409 253 255 233 0.000000 1.000000 0.000000 -0.642232 0.052689 -0.764697
-0.37778598 -0.15843475 0.49150848 163 169 120 0.000000 2.000000 0.000000 -0.778179 -0.610248 -0.148439
-0.37171492 -0.15849756 0.50149047 244 246 210 0.000000 1.000000 0.000000 -0.527394 -0.848537 0.042911
-0.39103928 -0.14710838 0.50919390 240 251 208 0.000000 1.000000 0.000000 -0.548528 -0.717561 -0.429211
-0.37130386 -0.15581946 0.49867338 243 248 208 0.000000 1.000000 0.000000 -0.588332 -0.794922 -0.148206
-0.39285415 -0.15208276 0.51605541 201 205 173 0.000000 1.000000 0.000000 -0.437964 0.898558 -0.027955
-0.37762678 -0.15399572 0.49544764 76 81 33 0.000000 2.000000 0.000000 -0.836899 0.181153 -0.516512
-0.38476118 -0.15234195 0.49337670 148 154 94 0.000000 1.000000 0.000000 -0.093405 0.987252 -0.128875
-0.36281422 -0.16144450 0.49325153 253 253 225 0.000000 1.000000 0.000000 -0.925929 0.016741 -0.377326
-0.38195968 -0.15912123 0.50992048 250 253 229 0.000000 1.000000 0.000000 -0.681274 -0.497146 -0.537319
-0.38195968 -0.15912123 0.50992048 250 253 229 0.000000 1.000000 0.000000 -0.681274 -0.497146 -0.537319
-0.38705221 -0.15115929 0.51030201 200 200 165 0.000000 1.000000 0.000000 -0.679749 -0.518624 -0.518624
-0.37432295 -0.15402751 0.50016737 241 248 207 0.000000 1.000000 0.000000 -0.481539 -0.876375 0.009337
-0.36885956 -0.15719500 0.49446371 248 253 213 0.000000 1.000000 0.000000 -0.361264 -0.711085 0.603197
-0.39122763 -0.14951506 0.51380926 190 188 143 0.000000 2.000000 0.000000 -0.762676 -0.232390 -0.603590
-0.38045484 -0.15712693 0.49000344 190 196 146 0.000000 1.000000 0.000000 -0.121172 0.960252 -0.251464
-0.37201381 -0.15694870 0.49462670 235 239 205 0.000000 2.000000 0.000000 0.168810 -0.416974 0.893104
-0.38016710 -0.15361986 0.49804851 129 139 84 0.000000 2.000000 0.000000 -0.253309 -0.756781 0.602592
-0.37794408 -0.15843724 0.49160463 157 162 112 0.000000 2.000000 0.000000 -0.783743 -0.578883 -0.225035
-0.38705221 -0.15115929 0.51030201 201 201 165 0.000000 1.000000 0.000000 -0.679749 -0.518624 -0.518624
-0.36829031 -0.15813845 0.49786913 249 253 211 0.000000 1.000000 0.000000 -0.789883 0.148384 -0.595035
-0.38619736 -0.15746875 0.51368183 245 254 224 0.000000 1.000000 0.000000 -0.670170 -0.495489 -0.552596
-0.38564599 -0.15930879 0.51347220 236 244 202 0.000000 1.000000 0.000000 -0.629618 0.035214 -0.776106
-0.38705221 -0.15115929 0.51030201 201 201 165 0.000000 1.000000 0.000000 -0.679749 -0.518624 -0.518624
-0.36782831 -0.15850054 0.49327582 251 254 227 0.000000 1.000000 0.000000 -0.243703 -0.734252 0.633627
-0.38876998 -0.14955939 0.51036853 238 238 206 0.000000 2.000000 0.000000 -0.664532 -0.540038 -0.516485
-0.38458881 -0.16041060 0.51268846 225 235 195 0.000000 1.000000 0.000000 -0.652811 -0.146242 -0.743270
-0.37123656 -0.15826747 0.49337703 248 251 220 0.000000 1.000000 0.000000 0.106694 -0.583162 0.805319
-0.37714484 -0.15516193 0.49371624 90 97 40 0.000000 2.000000 0.000000 -0.748426 0.584255 -0.313856
-0.38076812 -0.16113605 0.50933409 253 255 233 0.000000 1.000000 0.000000 -0.642232 0.052689 -0.764697
-0.37255231 -0.15425830 0.49737325 248 252 214 0.000000 1.000000 0.000000 -0.702062 -0.562646 -0.436507
-0.38682213 -0.15191242 0.49676731 146 149 94 0.000000 1.000000 0.000000 -0.576233 -0.252789 0.777208
-0.38649786 -0.15260029 0.49336410 167 176 120 0.000000 1.000000 0.000000 -0.838148 0.505909 0.203874
-0.39084208 -0.15117285 0.51368785 205 201 165 0.000000 2.000000 0.000000 -0.891752 -0.206465 -0.402679
-0.37778986 -0.15653035 0.48834518 163 172 118 0.000000 2.000000 0.000000 -0.998502 -0.049141 0.024048
-0.37521932 -0.15315416 0.49978468 243 254 212 0.000000 1.000000 0.000000 -0.650926 -0.489456 -0.580283
-0.38424516 -0.15300834 0.49028939 135 144 83 0.000000 1.000000 0.000000 -0.153439 0.930308 -0.333142
-0.36374485 -0.16205989 0.49277392 254 254 224 0.000000 1.000000 0.000000 -0.742642 0.655625 0.136526
-0.36991674 -0.15609318 0.49524745 248 253 211 0.000000 1.000000 0.000000 -0.476790 -0.805281 0.352410
-0.37919557 -0.15613702 0.49459359 139 146 93 0.000000 2.000000 0.000000 -0.684591 0.554033 -0.473690
-0.36991724 -0.15657401 0.49701542 248 253 211 0.000000 1.000000 0.000000 -0.654229 -0.725713 -0.212896
-0.36413309 -0.16017117 0.49396560 252 252 221 0.000000 1.000000 0.000000 -0.578659 -0.815569 -0.001362
-0.37432188 -0.15668988 0.50295013 226 225 183 0.000000 1.000000 0.000000 -0.640808 -0.720313 -0.265546
-0.36892229 -0.15766758 0.49648580 250 252 215 0.000000 1.000000 0.000000 -0.618912 -0.777683 -0.110258
-0.37659234 -0.15505137 0.49142149 116 118 66 0.000000 1.000000 0.000000 -0.688417 0.530969 -0.494119
-0.36386871 -0.16057363 0.49296498 251 252 218 0.000000 1.000000 0.000000 -0.683043 -0.701629 0.202899
-0.36287379 -0.16166720 0.49243534 253 254 222 0.000000 1.000000 0.000000 -0.790955 0.094681 0.604505
-0.37793025 -0.15662520 0.49060559 158 164 108 0.000000 2.000000 0.000000 -0.565385 0.823527 0.046297
-0.37219974 -0.15446529 0.49652269 224 231 180 0.000000 1.000000 0.000000 -0.571137 -0.817341 0.075865
-0.36930531 -0.15722968 0.49408606 249 253 216 0.000000 1.000000 0.000000 -0.181324 -0.592732 0.784723
-0.37811214 -0.15505725 0.49711567 203 208 163 0.000000 1.000000 0.000000 -0.023780 -0.653253 0.756766
-0.38495797 -0.15240961 0.49198264 146 155 95 0.000000 1.000000 0.000000 -0.083495 0.981369 -0.173040
-0.37723899 -0.15885122 0.48990348 168 173 122 0.000000 2.000000 0.000000 -0.801999 -0.572425 -0.170670
-0.37169474 -0.15618575 0.49481493 117 130 70 0.000000 2.000000 0.000000 0.196667 -0.496921 0.845217
-0.38994679 -0.14938381 0.51128781 238 239 199 0.000000 1.000000 0.000000 -0.737622 -0.409060 -0.537199
-0.37589225 -0.15551156 0.48864216 126 134 82 0.000000 1.000000 0.000000 -0.205813 0.924027 0.322203
-0.37573987 -0.15205313 0.50002587 218 234 180 0.000000 1.000000 0.000000 -0.616135 -0.152151 -0.772805
-0.36586156 -0.16013341 0.49219289 254 254 231 0.000000 1.000000 0.000000 -0.257472 -0.753462 0.604981
-0.38139361 -0.15207757 0.50497758 247 253 207 0.000000 1.000000 0.000000 -0.551178 -0.066595 -0.831726
-0.36991724 -0.15657401 0.49701542 248 253 212 0.000000 1.000000 0.000000 -0.654229 -0.725713 -0.212896
-0.37345523 -0.16083446 0.48752454 170 176 122 0.000000 1.000000 0.000000 -0.465672 -0.884909 -0.009287
-0.37130386 -0.15581946 0.49867338 244 249 208 0.000000 1.000000 0.000000 -0.588332 -0.794922 -0.148206
-0.36373985 -0.16201368 0.49385211 253 253 226 0.000000 1.000000 0.000000 -0.580650 0.563721 -0.587421
-0.36727899 -0.15863986 0.49381933 248 250 215 0.000000 1.000000 0.000000 -0.350812 -0.792932 0.498186
-0.36377347 -0.16203266 0.49344006 253 254 226 0.000000 1.000000 0.000000 -0.650710 0.627411 -0.427705
-0.36998549 -0.15757364 0.49972728 238 242 200 0.000000 1.000000 0.000000 -0.636886 -0.020904 -0.770674
-0.37784773 -0.15794568 0.48999462 155 159 102 0.000000 2.000000 0.000000 -0.795366 -0.508460 -0.329941
-0.38579023 -0.15174820 0.49526227 142 145 88 0.000000 1.000000 0.000000 -0.224397 0.921885 -0.315871
-0.38048267 -0.16039208 0.50911027 252 254 232 0.000000 1.000000 0.000000 -0.701670 -0.139733 -0.698665
-0.37816885 -0.15700792 0.49055955 172 177 121 0.000000 2.000000 0.000000 -0.719428 0.680377 -0.139680
-0.37682042 -0.15486087 0.49176386 116 116 64 0.000000 1.000000 0.000000 -0.679600 0.569395 -0.462529
-0.37798443 -0.15730980 0.48764879 183 189 140 0.000000 1.000000 0.000000 -0.634480 0.723530 0.271920
-0.38621020 -0.15256809 0.49383792 169 177 119 0.000000 1.000000 0.000000 -0.807376 -0.496481 0.318826
-0.37197170 -0.15465578 0.49618033 205 213 159 0.000000 2.000000 0.000000 -0.478203 -0.848620 0.226198
-0.37255231 -0.15425830 0.49737325 248 251 214 0.000000 1.000000 0.000000 -0.702062 -0.562646 -0.436507
-0.39144644 -0.15169086 0.51517427 201 200 169 0.000000 1.000000 0.000000 -0.273116 0.960312 -0.056637
-0.38106215 -0.15229294 0.49091110 132 112 41 0.000000 1.000000 0.000000 -0.145740 0.987534 0.059462
-0.38621020 -0.15256809 0.49383792 169 177 119 0.000000 1.000000 0.000000 -0.807376 -0.496481 0.318826
-0.36473727 -0.16218619 0.49078244 255 254 233 0.000000 1.000000 0.000000 -0.505644 -0.433174 0.746113
-0.38440883 -0.15105192 0.49719575 107 101 31 0.000000 2.000000 0.000000 -0.347224 0.919789 -0.182824
-0.38564599 -0.15930879 0.51347220 235 243 201 0.000000 1.000000 0.000000 -0.629618 0.035214 -0.776106
-0.38718390 -0.15047722 0.50903434 250 253 214 0.000000 1.000000 0.000000 -0.613033 -0.518461 -0.596145
-0.37781852 -0.15401718 0.49513176 75 79 31 0.000000 2.000000 0.000000 -0.938434 -0.255176 -0.232866
-0.36998549 -0.15757364 0.49972728 239 241 200 0.000000 1.000000 0.000000 -0.636886 -0.020904 -0.770674
-0.38994679 -0.14938381 0.51128781 238 239 199 0.000000 1.000000 0.000000 -0.737622 -0.409060 -0.537199
-0.37261900 -0.15743946 0.50109988 229 232 191 0.000000 1.000000 0.000000 -0.565486 0.422870 -0.708101
-0.38139361 -0.15207757 0.50497758 246 253 207 0.000000 1.000000 0.000000 -0.551178 -0.066595 -0.831726
-0.37293631 -0.15478206 0.49850944 243 250 207 0.000000 1.000000 0.000000 -0.643732 -0.692377 -0.325920
-0.38458881 -0.16041060 0.51268846 225 235 195 0.000000 1.000000 0.000000 -0.652811 -0.146242 -0.743270
-0.38076812 -0.16113605 0.50933409 253 255 233 0.000000 1.000000 0.000000 -0.642232 0.052689 -0.764697
-0.38482845 -0.15237990 0.49255264 147 155 95 0.000000 1.000000 0.000000 -0.072062 0.991711 -0.106377
-0.36756647 -0.15768313 0.49479634 248 253 213 0.000000 1.000000 0.000000 -0.614252 -0.784798 0.082382
-0.36420050 -0.16119803 0.49169070 253 254 229 0.000000 1.000000 0.000000 -0.597566 -0.453614 0.661172
-0.37923646 -0.15300447 0.49852616 143 152 87 0.000000 1.000000 0.000000 0.283458 -0.336885 0.897864
-0.38994679 -0.14938381 0.51128781 238 239 199 0.000000 1.000000 0.000000 -0.737622 -0.409060 -0.537199
-0.38139361 -0.15207757 0.50497758 247 253 207 0.000000 1.000000 0.000000 -0.551178 -0.066595 -0.831726
-0.36991674 -0.15609318 0.49524745 245 250 208 0.000000 1.000000 0.000000 -0.459840 -0.802717 0.379728
-0.36418509 -0.16156754 0.49170646 254 254 230 0.000000 1.000000 0.000000 -0.673829 -0.355769 0.647598
-0.37923646 -0.15300447 0.49852616 143 152 87 0.000000 1.000000 0.000000 0.283458 -0.336885 0.897864
-0.36769897 -0.15945974 0.49239498 253 254 230 0.000000 1.000000 0.000000 -0.148583 -0.772933 0.616845
-0.37918001 -0.15551759 0.49606019 114 123 68 0.000000 2.000000 0.000000 -0.838099 0.034632 0.544418
-0.37602860 -0.15652187 0.49551669 163 172 124 0.000000 2.000000 0.000000 0.107696 -0.423792 0.899334
-0.37916461 -0.15588710 0.49607596 130 140 89 0.000000 1.000000 0.000000 -0.613730 -0.264840 0.743771
-0.38244626 -0.15275826 0.49004790 127 132 72 0.000000 1.000000 0.000000 -0.289232 0.919499 -0.266209
-0.37819710 -0.15748879 0.48800689 171 177 125 0.000000 2.000000 0.000000 -0.951235 0.228675 -0.207026
-0.38994679 -0.14938381 0.51128781 237 239 199 0.000000 1.000000 0.000000 -0.737622 -0.409060 -0.537199
-0.37261900 -0.15743946 0.50109988 228 231 190 0.000000 1.000000 0.000000 -0.565486 0.422870 -0.708101
-0.36792722 -0.15777223 0.49740696 248 252 209 0.000000 1.000000 0.000000 -0.803817 -0.516401 -0.295312
-0.37441730 -0.15508169 0.48858511 113 111 62 0.000000 1.000000 0.000000 -0.522081 0.851671 0.045699
-0.37352249 -0.16087241 0.48670048 175 179 128 0.000000 1.000000 0.000000 -0.506181 -0.858674 -0.080369
-0.38718390 -0.15047722 0.50903434 250 253 214 0.000000 1.000000 0.000000 -0.613033 -0.518461 -0.596145
-0.37573987 -0.15205313 0.50002587 218 234 180 0.000000 1.000000 0.000000 -0.616135 -0.152151 -0.772805
-0.36509201 -0.16126741 0.49093533 253 253 232 0.000000 1.000000 0.000000 -0.545668 -0.552426 0.630137
-0.37724087 -0.15616159 0.49210748 142 149 94 0.000000 2.000000 0.000000 -0.557928 0.829278 -0.031842
-0.37678456 -0.15803961 0.48675314 161 169 117 0.000000 1.000000 0.000000 -0.804520 -0.315778 -0.503023
-0.36429921 -0.16196676 0.49115223 254 254 234 0.000000 1.000000 0.000000 -0.560507 -0.447408 0.696892
-0.37921646 -0.15629455 0.49526763 137 145 93 0.000000 2.000000 0.000000 -0.991799 0.090372 -0.090372
-0.38373736 -0.15148488 0.49508259 132 130 65 0.000000 1.000000 0.000000 -0.164100 0.921486 -0.352044
-0.38588879 -0.15152797 0.49617463 141 145 87 0.000000 1.000000 0.000000 -0.305077 0.926582 -0.219939
-0.37123656 -0.15826747 0.49337703 248 251 220 0.000000 1.000000 0.000000 0.106694 -0.583162 0.805319
-0.38718390 -0.15047722 0.50903434 250 253 214 0.000000 1.000000 0.000000 -0.613033 -0.518461 -0.596145
-0.37468058 -0.15982755 0.48624808 170 177 125 0.000000 1.000000 0.000000 -0.754582 -0.560685 -0.340936
-0.36422396 -0.16013570 0.49488583 249 250 211 0.000000 1.000000 0.000000 -0.719012 -0.577513 -0.386654
-0.36422396 -0.16013570 0.49488583 249 251 211 0.000000 1.000000 0.000000 -0.719012 -0.577513 -0.386654
-0.37293631 -0.15478206 0.49850944 244 251 207 0.000000 1.000000 0.000000 -0.643732 -0.692377 -0.325920
-0.37919259 -0.15439011 0.49642494 78 88 38 0.000000 2.000000 0.000000 -0.761388 0.323550 -0.561786
-0.37700212 -0.15478994 0.49360433 82 86 35 0.000000 2.000000 0.000000 -0.912859 0.349330 -0.211323
-0.38299859 -0.15187989 0.49379349 136 135 73 0.000000 1.000000 0.000000 -0.156565 0.894861 -0.417985
-0.39103928 -0.14710838 0.50919390 240 251 208 0.000000 1.000000 0.000000 -0.548528 -0.717561 -0.429211
-0.36422396 -0.16013570 0.49488583 248 251 210 0.000000 1.000000 0.000000 -0.719012 -0.577513 -0.386654
-0.38071227 -0.15226898 0.49113083 134 114 43 0.000000 1.000000 0.000000 -0.109419 0.993612 0.027631
-0.38621020 -0.15256809 0.49383792 169 177 119 0.000000 1.000000 0.000000 -0.807376 -0.496481 0.318826
-0.37889770 -0.15750945 0.49255419 160 166 116 0.000000 2.000000 0.000000 -0.993649 0.009795 -0.112098
-0.38863561 -0.15047240 0.51056588 227 227 184 0.000000 2.000000 0.000000 -0.608965 -0.688180 -0.394424
-0.38682213 -0.15191242 0.49676731 146 150 94 0.000000 1.000000 0.000000 -0.576233 -0.252789 0.777208
-0.37852374 -0.15707807 0.48926163 166 174 119 0.000000 2.000000 0.000000 -0.862067 0.404142 -0.305795
-0.38672054 -0.15287167 0.49156585 160 170 112 0.000000 1.000000 0.000000 0.254047 0.889909 0.378843
-0.38045484 -0.15712693 0.49000344 189 195 147 0.000000 1.000000 0.000000 -0.121172 0.960252 -0.251464
-0.38045484 -0.15712693 0.49000344 190 196 147 0.000000 1.000000 0.000000 -0.121172 0.960252 -0.251464
-0.36920944 -0.15721895 0.49424398 248 253 215 0.000000 1.000000 0.000000 -0.229593 -0.626303 0.745004
-0.37735951 -0.15612617 0.48870710 144 151 98 0.000000 1.000000 0.000000 -0.649324 0.745743 0.149149
-0.37643799 -0.15925448 0.48836032 168 172 120 0.000000 1.000000 0.000000 -0.675012 -0.690895 -0.258887
-0.38623539 -0.15606417 0.51187444 230 236 196 0.000000 1.000000 0.000000 -0.592297 -0.757442 -0.274712
-0.38014886 -0.15323138 0.49844480 127 136 83 0.000000 2.000000 0.000000 0.006912 -0.651117 0.758946
-0.37345523 -0.16083446 0.48752454 171 176 122 0.000000 1.000000 0.000000 -0.465672 -0.884909 -0.009287
-0.37171492 -0.15849756 0.50149047 244 246 211 0.000000 1.000000 0.000000 -0.527394 -0.848537 0.042911
-0.37808603 -0.15635054 0.49285021 153 160 106 0.000000 2.000000 0.000000 -0.523099 0.836064 -0.165424
-0.38047498 -0.16057682 0.50911814 252 254 232 0.000000 1.000000 0.000000 -0.686316 -0.092192 -0.721437
-0.38533130 -0.15712227 0.51226509 228 234 197 0.000000 1.000000 0.000000 -0.645945 -0.645945 -0.406829
-0.36859885 -0.15832819 0.49806932 249 253 213 0.000000 1.000000 0.000000 -0.641936 0.470976 -0.605062
-0.36373985 -0.16201368 0.49385211 254 254 227 0.000000 1.000000 0.000000 -0.580650 0.563721 -0.587421
-0.36624759 -0.15895647 0.49408224 250 252 216 0.000000 1.000000 0.000000 -0.553449 -0.829462 0.075406
-0.38440883 -0.15105192 0.49719575 96 92 25 0.000000 2.000000 0.000000 -0.508018 0.851548 -0.129552
-0.36402982 -0.16232303 0.49122977 254 254 236 0.000000 1.000000 0.000000 -0.659615 -0.420359 0.623062
-0.37219504 -0.15639694 0.49469921 217 222 178 0.000000 1.000000 0.000000 0.229052 -0.332773 0.914766
-0.39279190 -0.15209100 0.51580131 205 208 176 0.000000 1.000000 0.000000 -0.437964 0.898558 -0.027955
-0.38205776 -0.15842018 0.50906485 238 244 205 0.000000 1.000000 0.000000 -0.636258 -0.662699 -0.394975
-0.38055328 -0.15343183 0.49848706 146 151 94 0.000000 2.000000 0.000000 0.006912 -0.651117 0.758946
-0.37611580 -0.15575568 0.49183068 134 144 82 0.000000 1.000000 0.000000 -0.019859 -0.197425 0.980117
-0.37790164 -0.15665242 0.48993945 159 166 108 0.000000 2.000000 0.000000 -0.651318 0.758230 0.029541
-0.37829602 -0.15676048 0.49213806 157 162 107 0.000000 3.000000 0.000000 -0.633931 0.766307 -0.104429
-0.39103928 -0.14710838 0.50919390 240 251 208 0.000000 1.000000 0.000000 -0.548528 -0.717561 -0.429211
-0.36624759 -0.15895647 0.49408224 251 253 216 0.000000 1.000000 0.000000 -0.555647 -0.828497 0.069634
