-0.26286203 -0.15831055 0.35168758 179 168 137 0.000000 1.000000 0.000000 0.416456 -0.762686 0.494848
-0.25633708 -0.15690450 0.34784806 226 223 197 0.000000 1.000000 0.000000 0.231980 -0.969300 0.081506
-0.26286203 -0.15831055 0.35168758 179 168 137 0.000000 1.000000 0.000000 0.416456 -0.762686 0.494848
-0.26286203 -0.15831055 0.35168758 179 168 137 0.000000 1.000000 0.000000 0.416456 -0.762686 0.494848
-0.25275198 -0.15626577 0.34627903 228 228 201 0.000000 1.000000 0.000000 0.059901 -0.996534 0.057723
-0.25275198 -0.15626577 0.34627903 228 228 201 0.000000 1.000000 0.000000 0.059901 -0.996534 0.057723
-0.25256023 -0.15624431 0.34659493 225 225 195 0.000000 1.000000 0.000000 0.003104 -0.998375 0.056902
-0.25275198 -0.15626577 0.34627903 227 227 200 0.000000 1.000000 0.000000 0.050662 -0.997080 0.057130
-0.25523290 -0.15665613 0.34824529 220 217 187 0.000000 1.000000 0.000000 0.232626 -0.967368 0.100423
-0.25865984 -0.15729237 0.34971815 204 199 169 0.000000 1.000000 0.000000 0.320904 -0.884370 0.338983
-0.25917822 -0.15690312 0.35065702 177 166 133 0.000000 1.000000 0.000000 0.356653 -0.804468 0.475004
-0.25633708 -0.15690450 0.34784806 226 223 197 0.000000 1.000000 0.000000 0.231980 -0.969300 0.081506
-0.25865984 -0.15729237 0.34971815 204 199 169 0.000000 1.000000 0.000000 0.320904 -0.884370 0.338983
-0.26286203 -0.15831055 0.35168758 178 167 137 0.000000 1.000000 0.000000 0.416456 -0.762686 0.494848
-0.25865984 -0.15729237 0.34971815 203 199 169 0.000000 1.000000 0.000000 0.320904 -0.884370 0.338983
-0.25879204 -0.15709113 0.35021847 190 183 151 0.000000 1.000000 0.000000 0.344384 -0.846157 0.406716
-0.25236848 -0.15622284 0.34691080 224 224 193 0.000000 1.000000 0.000000 -0.024242 -0.998144 0.055862
-0.25141203 -0.15639265 0.34634176 226 227 196 0.000000 1.000000 0.000000 -0.194706 -0.968373 0.156023
-0.25917822 -0.15690312 0.35065702 176 165 132 0.000000 1.000000 0.000000 0.356653 -0.804468 0.475004
-0.25608307 -0.15689127 0.34790984 225 222 196 0.000000 1.000000 0.000000 0.235917 -0.967636 0.089573
-0.25141203 -0.15639265 0.34634176 225 226 196 0.000000 1.000000 0.000000 -0.194706 -0.968373 0.156023
-0.25141203 -0.15639265 0.34634176 226 227 196 0.000000 1.000000 0.000000 -0.194706 -0.968373 0.156023
-0.25141203 -0.15639265 0.34634176 226 227 196 0.000000 1.000000 0.000000 -0.194706 -0.968373 0.156023
-0.25582907 -0.15687805 0.34797165 223 220 193 0.000000 1.000000 0.000000 0.228084 -0.969044 0.094510
-0.25236848 -0.15622284 0.34691080 224 224 193 0.000000 1.000000 0.000000 -0.024242 -0.998144 0.055862
-0.25523290 -0.15665613 0.34824529 220 217 187 0.000000 1.000000 0.000000 0.232626 -0.967368 0.100423
-0.26286203 -0.15831055 0.35168758 179 167 137 0.000000 1.000000 0.000000 0.416456 -0.762686 0.494848
-0.25678048 -0.15666205 0.34961885 205 199 169 0.000000 1.000000 0.000000 0.309842 -0.871526 0.380053
-0.25678048 -0.15666205 0.34961885 205 200 170 0.000000 1.000000 0.000000 0.309842 -0.871526 0.380053
-0.25917822 -0.15690312 0.35065702 177 166 133 0.000000 1.000000 0.000000 0.356653 -0.804468 0.475004
-0.26286203 -0.15831055 0.35168758 179 168 136 0.000000 1.000000 0.000000 0.416456 -0.762686 0.494848
-0.25917822 -0.15690312 0.35065702 177 166 133 0.000000 1.000000 0.000000 0.356653 -0.804468 0.475004
-0.25678048 -0.15666205 0.34961885 205 200 170 0.000000 1.000000 0.000000 0.309842 -0.871526 0.380053
-0.25678048 -0.15666205 0.34961885 205 200 170 0.000000 1.000000 0.000000 0.309842 -0.871526 0.380053
-0.25666240 -0.16044340 0.37821466 199 200 147 0.000000 2.000000 0.000000 -0.139344 0.523641 0.840466
-0.26533091 -0.16357432 0.37848449 222 224 184 0.000000 2.000000 0.000000 -0.384191 -0.537867 0.750398
-0.25659797 -0.16116342 0.37865821 213 214 162 0.000000 2.000000 0.000000 -0.205721 0.617163 0.759466
-0.25915116 -0.16163793 0.37872219 216 219 173 0.000000 1.000000 0.000000 0.072915 0.444371 0.892870
-0.26537803 -0.15881452 0.37710527 214 215 173 0.000000 1.000000 0.000000 0.226930 0.696440 0.680790
-0.26582366 -0.16495919 0.37692583 225 227 189 0.000000 2.000000 0.000000 -0.602337 -0.531474 0.595588
-0.26499519 -0.16734026 0.37680161 235 235 201 0.000000 1.000000 0.000000 -0.903980 0.119129 -0.410645
-0.25740680 -0.16156435 0.37874269 216 218 168 0.000000 2.000000 0.000000 -0.170901 0.579249 0.797034
-0.26617354 -0.16498315 0.37670609 226 228 189 0.000000 2.000000 0.000000 -0.496161 -0.607167 0.620622
-0.25533018 -0.16038553 0.37826952 212 216 167 0.000000 1.000000 0.000000 -0.029546 0.679560 0.733025
-0.25825635 -0.16032974 0.37809011 215 216 172 0.000000 1.000000 0.000000 0.056140 0.187531 0.980653
-0.25636154 -0.16006891 0.37800658 174 172 112 0.000000 2.000000 0.000000 -0.094202 0.462574 0.881562
-0.25993562 -0.15965359 0.37819606 214 217 170 0.000000 1.000000 0.000000 0.259471 0.239835 0.935497
-0.26235366 -0.16568133 0.37833852 205 199 152 0.000000 1.000000 0.000000 0.182324 0.307585 0.933889
-0.26569429 -0.16591841 0.37604499 226 227 190 0.000000 2.000000 0.000000 -0.627147 -0.640526 0.443184
-0.26558918 -0.16827397 0.37722564 237 233 195 0.000000 1.000000 0.000000 -0.725259 0.463037 -0.509507
-0.26557109 -0.16887441 0.37617108 237 237 203 0.000000 1.000000 0.000000 -0.909123 0.402671 0.106549
-0.25726408 -0.16119236 0.37863079 215 218 168 0.000000 2.000000 0.000000 -0.190264 0.561658 0.805196
-0.26625118 -0.16460541 0.37694442 224 226 188 0.000000 2.000000 0.000000 -0.460336 -0.627730 0.627730
-0.25826249 -0.16232653 0.37909704 221 224 172 0.000000 2.000000 0.000000 -0.131688 0.423384 0.896328
-0.26469058 -0.16276018 0.37955856 226 228 188 0.000000 2.000000 0.000000 -0.383268 -0.377011 0.843190
-0.25810435 -0.16232404 0.37900090 221 223 172 0.000000 2.000000 0.000000 -0.151960 0.452985 0.878472
-0.26054499 -0.16021779 0.37860429 215 218 172 0.000000 1.000000 0.000000 0.261669 0.162369 0.951402
-0.26363608 -0.16363105 0.37984514 234 237 197 0.000000 1.000000 0.000000 -0.573061 0.075741 0.816005
-0.26742056 -0.16659243 0.37496996 231 234 201 0.000000 1.000000 0.000000 0.019925 -0.447656 0.893984
-0.26417488 -0.16291849 0.37969002 230 233 193 0.000000 2.000000 0.000000 -0.262777 -0.168447 0.950039
-0.26498747 -0.16752501 0.37680948 234 234 200 0.000000 1.000000 0.000000 -0.900002 0.149763 -0.409351
-0.26554671 -0.16648915 0.37556043 232 234 200 0.000000 1.000000 0.000000 -0.470451 -0.744469 0.473753
-0.26732817 -0.16880944 0.37506452 224 225 191 0.000000 2.000000 0.000000 -0.157603 0.270754 0.949660
-0.25993562 -0.15965359 0.37819606 215 217 170 0.000000 1.000000 0.000000 0.259471 0.239835 0.935497
-0.26235366 -0.16568133 0.37833852 205 198 152 0.000000 1.000000 0.000000 0.182324 0.307585 0.933889
-0.26576424 -0.16572541 0.37629122 225 227 189 0.000000 2.000000 0.000000 -0.638691 -0.618575 0.457645
-0.26461089 -0.16483864 0.37856707 232 233 194 0.000000 1.000000 0.000000 -0.769876 0.208283 0.603249
-0.26508617 -0.16829371 0.37627101 231 232 198 0.000000 1.000000 0.000000 -0.887834 0.398710 -0.229740
-0.25722495 -0.16064635 0.37835306 208 208 157 0.000000 2.000000 0.000000 -0.125540 0.492058 0.861463
-0.26499927 -0.16393884 0.37830794 223 225 186 0.000000 2.000000 0.000000 -0.475780 -0.489042 0.731076
-0.26227790 -0.16336945 0.38030416 222 221 173 0.000000 1.000000 0.000000 -0.616611 0.304281 0.726088
-0.26489112 -0.16703345 0.37519947 233 235 198 0.000000 1.000000 0.000000 -0.733611 -0.352979 0.580707
-0.26227790 -0.16336945 0.38030416 222 221 173 0.000000 1.000000 0.000000 -0.616611 0.304281 0.726088
-0.26434636 -0.16425219 0.37901726 222 225 185 0.000000 1.000000 0.000000 -0.803173 -0.094405 0.588219
-0.25811207 -0.16213928 0.37899300 225 225 175 0.000000 2.000000 0.000000 -0.139099 0.629685 0.764296
-0.26436380 -0.16218197 0.37975466 226 229 188 0.000000 2.000000 0.000000 -0.204177 -0.206846 0.956831
-0.26718545 -0.16843745 0.37495261 226 227 192 0.000000 2.000000 0.000000 -0.167795 0.317563 0.933273
-0.25491586 -0.16108160 0.37893280 214 215 164 0.000000 2.000000 0.000000 -0.076605 0.625851 0.776171
-0.26452962 -0.16199972 0.37984294 216 221 177 0.000000 1.000000 0.000000 -0.160590 -0.308827 0.937463
-0.26705042 -0.16788071 0.37483281 224 226 187 0.000000 2.000000 0.000000 -0.073317 0.174277 0.981963
-0.26351711 -0.16417456 0.38002673 236 237 196 0.000000 1.000000 0.000000 -0.749248 0.295546 0.592689
-0.25620344 -0.16006643 0.37791044 164 160 96 0.000000 2.000000 0.000000 -0.082016 0.457346 0.885499
-0.25825635 -0.16032974 0.37809011 214 215 171 0.000000 1.000000 0.000000 0.056140 0.187531 0.980653
-0.26480469 -0.16315940 0.37900433 222 224 183 0.000000 2.000000 0.000000 -0.454539 -0.497514 0.738833
-0.26490402 -0.16539787 0.37878302 226 227 185 0.000000 1.000000 0.000000 -0.489311 0.693051 0.529391
-0.26452962 -0.16199972 0.37984294 223 227 184 0.000000 2.000000 0.000000 -0.163034 -0.234610 0.958321
-0.26517844 -0.16508779 0.37762728 224 225 187 0.000000 2.000000 0.000000 -0.757017 -0.242935 0.606554
-0.26537803 -0.15881452 0.37710527 214 216 173 0.000000 1.000000 0.000000 0.226930 0.696440 0.680790
-0.25635165 -0.16096544 0.37871212 221 224 174 0.000000 1.000000 0.000000 -0.178345 0.605153 0.775876
-0.26537803 -0.15881452 0.37710527 213 216 173 0.000000 1.000000 0.000000 0.226930 0.696440 0.680790
-0.26285034 -0.16267587 0.37973702 230 233 190 0.000000 2.000000 0.000000 -0.407667 0.014327 0.913018
-0.25666240 -0.16044340 0.37821466 212 215 169 0.000000 1.000000 0.000000 -0.141504 0.491618 0.859237
-0.26024416 -0.15984331 0.37839624 215 217 170 0.000000 1.000000 0.000000 0.263944 0.211432 0.941079
-0.26235366 -0.16568133 0.37833852 205 199 152 0.000000 1.000000 0.000000 0.182324 0.307585 0.933889
-0.26630586 -0.16577084 0.37575558 228 229 194 0.000000 1.000000 0.000000 -0.282979 -0.625112 0.727432
-0.26475361 -0.16521063 0.37867898 229 230 189 0.000000 1.000000 0.000000 -0.664208 0.466786 0.583900
-0.26503164 -0.16811721 0.37600905 231 232 198 0.000000 1.000000 0.000000 -0.930308 0.333142 -0.153439
-0.26342124 -0.16416383 0.38018465 234 236 193 0.000000 1.000000 0.000000 -0.659600 0.410381 0.629694
-0.26489082 -0.16505559 0.37810111 223 226 187 0.000000 2.000000 0.000000 -0.843168 0.130055 0.521683
-0.26490715 -0.16813371 0.37550086 228 229 194 0.000000 1.000000 0.000000 -0.775911 0.370947 0.510255
-0.25522658 -0.16055955 0.37843534 198 199 142 0.000000 2.000000 0.000000 -0.110897 0.726005 0.678689
-0.26100397 -0.16059476 0.37890851 212 212 159 0.000000 2.000000 0.000000 0.252031 0.327785 0.910515
-0.26382783 -0.16365251 0.37952924 231 235 196 0.000000 2.000000 0.000000 -0.575962 -0.141386 0.805157
-0.26491392 -0.16450134 0.37807748 224 226 188 0.000000 2.000000 0.000000 -0.624222 -0.329135 0.708532
-0.26486802 -0.16758770 0.37522310 229 231 194 0.000000 1.000000 0.000000 -0.820985 0.131181 0.555676
-0.26552898 -0.16658150 0.37772468 233 232 196 0.000000 2.000000 0.000000 -0.860738 0.166262 -0.481131
-0.26237378 -0.16338018 0.38014621 227 228 182 0.000000 1.000000 0.000000 -0.585548 0.309618 0.749180
-0.26453811 -0.16427365 0.37870136 224 226 186 0.000000 2.000000 0.000000 -0.757143 -0.146010 0.636723
-0.25584584 -0.16022722 0.37813804 177 176 115 0.000000 2.000000 0.000000 -0.087324 0.548279 0.831724
-0.25824094 -0.16069923 0.37810588 214 216 172 0.000000 1.000000 0.000000 0.063951 0.257057 0.964278
-0.26472703 -0.16353714 0.37876600 222 224 184 0.000000 2.000000 0.000000 -0.503835 -0.477230 0.720002
-0.25993562 -0.15965359 0.37819606 215 217 170 0.000000 1.000000 0.000000 0.259471 0.239835 0.935497
-0.26235366 -0.16568133 0.37833852 204 199 152 0.000000 1.000000 0.000000 0.182324 0.307585 0.933889
-0.26635757 -0.16518937 0.37639809 226 228 191 0.000000 2.000000 0.000000 -0.384046 -0.637879 0.667547
-0.26480076 -0.16754974 0.37604719 230 231 199 0.000000 1.000000 0.000000 -0.978319 0.152514 -0.140114
-0.26265088 -0.16283916 0.38006079 233 235 192 0.000000 2.000000 0.000000 -0.486326 0.157211 0.859518
-0.26524353 -0.16583753 0.37750086 226 227 190 0.000000 2.000000 0.000000 -0.993516 0.088888 0.070885
-0.25462270 -0.16052237 0.37871686 177 173 104 0.000000 2.000000 0.000000 -0.282009 0.867367 0.410056
-0.26054499 -0.16021779 0.37860429 215 218 172 0.000000 1.000000 0.000000 0.261669 0.162369 0.951402
-0.26466572 -0.16699299 0.37592739 231 232 200 0.000000 1.000000 0.000000 -0.992648 -0.115268 -0.036931
-0.25462270 -0.16052237 0.37871686 178 174 104 0.000000 2.000000 0.000000 -0.279233 0.865163 0.416560
-0.26296997 -0.16360211 0.37987256 236 238 197 0.000000 1.000000 0.000000 -0.556351 0.304479 0.773153
-0.26651099 -0.16712351 0.37467077 232 234 201 0.000000 1.000000 0.000000 -0.044030 -0.285568 0.957346
-0.25665471 -0.16062815 0.37822253 204 205 153 0.000000 2.000000 0.000000 -0.155863 0.535873 0.829787
-0.26518410 -0.16660374 0.37686625 229 233 195 0.000000 2.000000 0.000000 -0.984316 -0.176380 -0.003414
-0.26275447 -0.16266514 0.37989494 231 234 191 0.000000 2.000000 0.000000 -0.413095 0.038520 0.909873
-0.26558918 -0.16827397 0.37722564 238 233 196 0.000000 1.000000 0.000000 -0.725259 0.463037 -0.509507
-0.26227790 -0.16336945 0.38030416 222 221 173 0.000000 1.000000 0.000000 -0.616611 0.304281 0.726088
-0.26557264 -0.16669288 0.37515628 231 234 200 0.000000 1.000000 0.000000 -0.354942 -0.539707 0.763369
-0.25796163 -0.16195205 0.37888896 222 223 173 0.000000 2.000000 0.000000 -0.132027 0.597829 0.790677
-0.26527214 -0.16581030 0.37816700 223 224 184 0.000000 2.000000 0.000000 -0.829545 0.554448 0.066647
-0.26574615 -0.16632587 0.37523666 232 234 201 0.000000 2.000000 0.000000 -0.322291 -0.694787 0.642962
-0.26245913 -0.16281769 0.38037667 237 238 195 0.000000 1.000000 0.000000 -0.567756 0.371414 0.734646
-0.26342124 -0.16416383 0.38018465 235 236 194 0.000000 1.000000 0.000000 -0.659600 0.410381 0.629694
-0.26599246 -0.16652384 0.37518275 231 236 203 0.000000 1.000000 0.000000 -0.181874 -0.628153 0.756535
-0.25720954 -0.16101585 0.37836879 214 216 167 0.000000 2.000000 0.000000 -0.188346 0.519836 0.833244
-0.26626942 -0.16499388 0.37654814 225 227 189 0.000000 2.000000 0.000000 -0.432299 -0.642607 0.632592
-0.26623592 -0.16596383 0.37550938 230 232 198 0.000000 2.000000 0.000000 -0.209260 -0.621578 0.754885
-0.26646259 -0.16894379 0.37541571 225 226 192 0.000000 2.000000 0.000000 -0.324756 0.318770 0.890460
-0.25680292 -0.16152717 0.37902424 216 216 162 0.000000 2.000000 0.000000 -0.240741 0.634110 0.734812
-0.26288116 -0.16193686 0.37970549 225 228 182 0.000000 2.000000 0.000000 0.011724 0.082069 0.996558
-0.26537019 -0.16510926 0.37731138 224 225 187 0.000000 2.000000 0.000000 -0.671852 -0.391226 0.628933
-0.26537803 -0.15881452 0.37710527 214 216 173 0.000000 1.000000 0.000000 0.226930 0.696440 0.680790
-0.26574728 -0.16827646 0.37732178 235 230 192 0.000000 1.000000 0.000000 -0.732558 0.438212 -0.520893
-0.25501943 -0.16090758 0.37876698 204 205 149 0.000000 2.000000 0.000000 -0.110842 0.669484 0.734511
-0.25817651 -0.16141926 0.37854946 215 217 170 0.000000 2.000000 0.000000 -0.012023 0.474225 0.880322
-0.26125026 -0.16079274 0.37885460 211 211 156 0.000000 2.000000 0.000000 0.243251 0.367088 0.897817
-0.26380473 -0.16420676 0.37955290 236 238 200 0.000000 2.000000 0.000000 -0.900703 -0.269769 0.340528
-0.25649437 -0.16133744 0.37882403 213 214 160 0.000000 2.000000 0.000000 -0.230903 0.686426 0.689567
-0.26570186 -0.16474473 0.37748793 223 225 186 0.000000 2.000000 0.000000 -0.566827 -0.496184 0.657654
-0.26537803 -0.15881452 0.37710527 213 216 172 0.000000 1.000000 0.000000 0.226930 0.696440 0.680790
-0.26249212 -0.16136691 0.37964749 226 228 178 0.000000 1.000000 0.000000 0.219306 0.224754 0.949416
-0.26566398 -0.16713825 0.37784448 228 224 185 0.000000 1.000000 0.000000 -0.830804 0.140189 -0.538621
-0.26563770 -0.16744260 0.37502986 231 233 198 0.000000 1.000000 0.000000 -0.336973 0.216523 0.916279
-0.25532246 -0.16057028 0.37827739 203 206 153 0.000000 2.000000 0.000000 -0.064925 0.693978 0.717063
-0.26546890 -0.16587797 0.37677294 222 225 186 0.000000 1.000000 0.000000 -0.813291 -0.436205 0.385075
-0.25814506 -0.16068850 0.37826383 210 210 160 0.000000 2.000000 0.000000 0.029470 0.342109 0.939198
-0.25945199 -0.16201241 0.37893027 235 237 192 0.000000 1.000000 0.000000 0.125503 0.580268 0.804697
-0.26569557 -0.16885793 0.37667927 238 236 198 0.000000 1.000000 0.000000 -0.909903 0.377346 -0.172298
-0.25548059 -0.16057277 0.37837353 197 199 142 0.000000 2.000000 0.000000 -0.104724 0.662266 0.741915
-0.26156649 -0.16079772 0.37904692 216 218 172 0.000000 2.000000 0.000000 0.248986 0.303677 0.919666
-0.26428127 -0.16350245 0.37914369 220 223 182 0.000000 1.000000 0.000000 -0.666027 -0.348559 0.659481
-0.25695336 -0.16171440 0.37912825 219 219 167 0.000000 2.000000 0.000000 -0.221686 0.581344 0.782876
-0.26287344 -0.16212162 0.37971336 224 227 182 0.000000 2.000000 0.000000 -0.025829 0.034095 0.999085
-0.26582494 -0.16789871 0.37756011 226 218 177 0.000000 1.000000 0.000000 -0.732237 0.375128 -0.568426
-0.25477314 -0.16070960 0.37882090 193 191 130 0.000000 2.000000 0.000000 -0.194115 0.787161 0.585403
-0.26650327 -0.16730826 0.37467864 231 232 198 0.000000 2.000000 0.000000 -0.045992 -0.111053 0.992750
-0.26249212 -0.16136691 0.37964749 226 228 178 0.000000 1.000000 0.000000 0.219306 0.224754 0.949416
-0.26342124 -0.16416383 0.38018465 235 236 195 0.000000 1.000000 0.000000 -0.717162 0.343132 0.606579
-0.25609767 -0.16095223 0.37877393 213 215 162 0.000000 2.000000 0.000000 -0.171857 0.628113 0.758907
-0.25868449 -0.16144571 0.37842587 220 220 173 0.000000 2.000000 0.000000 0.090524 0.447048 0.889918
-0.26156649 -0.16079772 0.37904692 216 218 173 0.000000 2.000000 0.000000 0.248986 0.303677 0.919666
-0.26537803 -0.15881452 0.37710527 214 216 173 0.000000 1.000000 0.000000 0.226930 0.696440 0.680790
-0.26246685 -0.16263294 0.38036880 239 240 198 0.000000 1.000000 0.000000 -0.557616 0.381011 0.737492
-0.26551104 -0.16817088 0.37521932 230 230 197 0.000000 1.000000 0.000000 -0.540002 0.476472 0.693810
-0.25873134 -0.16180697 0.37869573 222 223 176 0.000000 2.000000 0.000000 0.028496 0.492573 0.869805
-0.25945199 -0.16201241 0.37893027 232 234 188 0.000000 2.000000 0.000000 0.118600 0.557861 0.821417
-0.26565012 -0.16532621 0.37684545 224 226 188 0.000000 2.000000 0.000000 -0.675571 -0.521346 0.521346
-0.26533374 -0.16433230 0.37810394 223 225 187 0.000000 2.000000 0.000000 -0.468670 -0.501791 0.727018
-0.26536879 -0.16827972 0.37687537 235 233 197 0.000000 1.000000 0.000000 -0.800220 0.400915 -0.445998
-0.26648569 -0.16838954 0.37539208 228 227 194 0.000000 2.000000 0.000000 -0.321028 0.488658 0.811267
-0.26342124 -0.16416383 0.38018465 235 236 193 0.000000 1.000000 0.000000 -0.659600 0.410381 0.629694
-0.26589015 -0.16963737 0.37598288 238 237 205 0.000000 2.000000 0.000000 -0.753059 0.434773 0.493836
-0.26573202 -0.16963488 0.37588671 237 236 203 0.000000 2.000000 0.000000 -0.673279 0.427241 0.603457
-0.26578376 -0.16905341 0.37652922 239 237 199 0.000000 1.000000 0.000000 -0.933593 0.346916 -0.089743
-0.26683620 -0.16988325 0.37548947 229 229 196 0.000000 2.000000 0.000000 -0.241219 0.298312 0.923484
-0.26572433 -0.16981964 0.37589461 236 234 201 0.000000 2.000000 0.000000 -0.474598 0.403327 0.782358
-0.26649404 -0.16967455 0.37570134 231 231 197 0.000000 2.000000 0.000000 -0.356613 0.338247 0.870871
-0.26582021 -0.16983037 0.37573665 235 233 199 0.000000 1.000000 0.000000 -0.267472 0.344315 0.899948
-0.26582021 -0.16983037 0.37573665 234 232 198 0.000000 1.000000 0.000000 -0.267472 0.344315 0.899948
-0.27855739 -0.17372715 0.37072083 236 237 204 0.000000 1.000000 0.000000 -0.006862 0.599766 0.800146
-0.27944607 -0.17303854 0.37034601 236 237 203 0.000000 1.000000 0.000000 0.047473 -0.227628 0.972590
-0.28062016 -0.17309393 0.37019500 237 238 205 0.000000 1.000000 0.000000 -0.051980 -0.554923 0.830276
-0.28062016 -0.17309393 0.37019500 237 238 206 0.000000 1.000000 0.000000 -0.051980 -0.554923 0.830276
-0.27845317 -0.17243141 0.37056953 235 236 203 0.000000 1.000000 0.000000 0.043231 -0.548052 0.835326
-0.27769399 -0.17314972 0.37037438 235 236 203 0.000000 1.000000 0.000000 -0.005974 0.247307 0.968919
-0.28062016 -0.17309393 0.37019500 237 238 206 0.000000 1.000000 0.000000 -0.051980 -0.554923 0.830276
-0.27934453 -0.17151186 0.37126499 234 235 202 0.000000 1.000000 0.000000 -0.269366 -0.427637 0.862884
-0.27901006 -0.17111841 0.37146896 233 234 202 0.000000 1.000000 0.000000 -0.359027 -0.310551 0.880146
-0.28026748 -0.17231199 0.37079525 235 236 202 0.000000 1.000000 0.000000 0.045301 -0.492818 0.868952
-0.27845317 -0.17243141 0.37056953 235 236 203 0.000000 1.000000 0.000000 0.045807 -0.523315 0.850907
-0.27968669 -0.17172056 0.37105313 235 236 202 0.000000 1.000000 0.000000 -0.194178 -0.504260 0.841437
-0.27968669 -0.17172056 0.37105313 235 235 201 0.000000 1.000000 0.000000 -0.194178 -0.504260 0.841437
-0.27789125 -0.17369822 0.37074828 235 236 204 0.000000 1.000000 0.000000 -0.216392 0.658515 0.720786
-0.27774084 -0.17351097 0.37064424 235 236 204 0.000000 1.000000 0.000000 -0.159813 0.545156 0.822961
-0.27993298 -0.17191854 0.37099922 235 236 202 0.000000 1.000000 0.000000 -0.089324 -0.506170 0.857795
-0.27796340 -0.17279343 0.37029684 236 237 203 0.000000 1.000000 0.000000 0.015043 0.011031 0.999826
-0.28053200 -0.17289844 0.37034506 236 237 205 0.000000 1.000000 0.000000 -0.031743 -0.545150 0.837737
-0.27944607 -0.17303854 0.37034601 236 237 203 0.000000 1.000000 0.000000 0.047473 -0.227628 0.972590
-0.27882883 -0.17167017 0.37139645 235 236 203 0.000000 1.000000 0.000000 -0.290499 -0.640382 0.711000
-0.27859306 -0.17204542 0.37106195 235 236 203 0.000000 1.000000 0.000000 -0.113398 -0.605280 0.787894
-0.28026748 -0.17231199 0.37079525 235 236 202 0.000000 1.000000 0.000000 0.045301 -0.492818 0.868952
-0.28062016 -0.17309393 0.37019500 237 238 206 0.000000 1.000000 0.000000 -0.051980 -0.554923 0.830276
-0.27819917 -0.17241818 0.37063131 235 236 201 0.000000 2.000000 0.000000 -0.022816 -0.471093 0.881789
-0.27754357 -0.17296247 0.37027034 236 237 203 0.000000 1.000000 0.000000 -0.001160 0.207706 0.978191
-0.27901775 -0.17093365 0.37146109 232 233 201 0.000000 1.000000 0.000000 -0.375800 -0.223726 0.899289
-0.28034794 -0.17269222 0.37065306 235 236 203 0.000000 1.000000 0.000000 0.009430 -0.513284 0.858167
-0.28026748 -0.17231199 0.37079525 235 236 201 0.000000 1.000000 0.000000 0.045301 -0.492818 0.868952
-0.27943268 -0.17170735 0.37111494 234 235 202 0.000000 1.000000 0.000000 -0.204667 -0.520006 0.829280
-0.27885193 -0.17111591 0.37137282 233 234 202 0.000000 1.000000 0.000000 -0.355438 -0.377168 0.855224
-0.27855739 -0.17372715 0.37072083 236 237 205 0.000000 1.000000 0.000000 -0.006862 0.599766 0.800146
-0.26599136 -0.16208729 0.37921810 222 225 180 0.000000 2.000000 0.000000 -0.273257 -0.573367 0.772387
-0.26905397 -0.15941779 0.37959453 215 217 171 0.000000 1.000000 0.000000 -0.378531 0.150568 0.913260
-0.26605079 -0.16132107 0.37985271 221 222 178 0.000000 2.000000 0.000000 -0.170605 -0.397123 0.901769
-0.26623294 -0.16421692 0.37734070 222 224 186 0.000000 2.000000 0.000000 -0.468520 -0.626373 0.623014
-0.26959637 -0.16192189 0.37792522 222 225 184 0.000000 2.000000 0.000000 -0.319545 -0.682885 0.656932
-0.27202997 -0.16147016 0.37785366 228 230 192 0.000000 2.000000 0.000000 -0.055813 -0.679775 0.731294
-0.27533463 -0.16141111 0.37812066 227 229 195 0.000000 2.000000 0.000000 0.063037 -0.522508 0.850301
-0.26712728 -0.16504428 0.37620485 226 227 193 0.000000 1.000000 0.000000 -0.162014 -0.616257 0.770700
-0.26946861 -0.16779849 0.37477702 229 230 195 0.000000 2.000000 0.000000 -0.134583 -0.122459 0.983306
-0.27288419 -0.16788876 0.37165153 224 225 191 0.000000 1.000000 0.000000 -0.485375 0.763199 -0.426542
-0.26992613 -0.16424701 0.37589777 225 227 190 0.000000 1.000000 0.000000 -0.312272 -0.652050 0.690882
-0.27396920 -0.16430104 0.37423509 226 228 191 0.000000 1.000000 0.000000 -0.462450 -0.881325 -0.096988
-0.26787984 -0.15936241 0.37974554 217 219 169 0.000000 1.000000 0.000000 -0.599311 0.009644 0.800459
-0.27056065 -0.16255626 0.37703556 229 231 194 0.000000 2.000000 0.000000 -0.164928 -0.600703 0.782275
-0.27354908 -0.16249223 0.37711027 228 230 196 0.000000 2.000000 0.000000 0.023887 -0.720816 0.692714
-0.27676556 -0.16223769 0.37752736 231 234 201 0.000000 2.000000 0.000000 -0.366023 -0.700860 0.612227
-0.27108499 -0.16566081 0.37431169 227 227 193 0.000000 2.000000 0.000000 -0.012491 0.634246 0.773031
-0.27081135 -0.16842958 0.37433374 233 234 202 0.000000 2.000000 0.000000 -0.176762 -0.389450 0.903927
-0.27364936 -0.16817831 0.37430441 230 231 198 0.000000 2.000000 0.000000 0.049591 -0.411475 0.910071
-0.27702144 -0.16914614 0.37229654 224 225 193 0.000000 1.000000 0.000000 -0.470026 0.670750 0.573733
-0.27215335 -0.16660199 0.37502417 236 238 204 0.000000 1.000000 0.000000 0.073822 -0.137097 0.987803
-0.27766603 -0.15796293 0.37865093 227 229 190 0.000000 1.000000 0.000000 -0.203976 -0.142398 0.968564
-0.27785370 -0.16138580 0.37682873 232 234 195 0.000000 1.000000 0.000000 -0.849784 -0.117261 0.513924
-0.26969180 -0.16855070 0.37474674 230 231 198 0.000000 2.000000 0.000000 -0.382817 -0.062691 0.921695
-0.26649371 -0.16059779 0.37985554 219 220 176 0.000000 2.000000 0.000000 -0.180539 -0.397185 0.899805
-0.27226681 -0.16553144 0.37415281 226 226 190 0.000000 1.000000 0.000000 -0.425644 0.514389 0.744467
-0.27255571 -0.16850317 0.37431327 236 237 205 0.000000 2.000000 0.000000 0.025296 -0.443339 0.895997
-0.26596484 -0.16751273 0.37805256 218 208 166 0.000000 1.000000 0.000000 -0.759786 0.242818 -0.603129
-0.27297068 -0.16927685 0.37396708 228 229 195 0.000000 2.000000 0.000000 0.021715 -0.163433 0.986315
-0.27595907 -0.16921282 0.37404180 232 233 202 0.000000 2.000000 0.000000 -0.335170 0.050470 0.940805
-0.26775882 -0.16160662 0.37917396 222 225 182 0.000000 2.000000 0.000000 -0.335367 -0.578386 0.743639
-0.27080822 -0.15859483 0.37886849 221 222 182 0.000000 1.000000 0.000000 -0.135572 -0.106778 0.984997
-0.27369305 -0.15870482 0.37910903 224 227 187 0.000000 2.000000 0.000000 0.036416 0.100421 0.994278
-0.26787874 -0.16451073 0.37640786 230 232 197 0.000000 2.000000 0.000000 -0.197281 -0.579609 0.790654
-0.27264139 -0.16033366 0.37901506 224 225 182 0.000000 2.000000 0.000000 -0.081937 -0.573558 0.815057
-0.27738485 -0.16190536 0.37723005 230 232 198 0.000000 2.000000 0.000000 -0.576222 -0.579601 0.576222
-0.27396920 -0.16430104 0.37423509 225 228 191 0.000000 1.000000 0.000000 -0.462450 -0.881325 -0.096988
-0.27390018 -0.16794164 0.37140438 224 225 191 0.000000 1.000000 0.000000 -0.076930 0.947937 0.309025
-0.27545595 -0.16824365 0.37453803 230 231 199 0.000000 2.000000 0.000000 -0.613932 -0.328834 0.717604
-0.27390018 -0.16794164 0.37140438 224 225 191 0.000000 1.000000 0.000000 -0.076930 0.947937 0.309025
-0.26569748 -0.16616829 0.37888327 204 195 146 0.000000 1.000000 0.000000 -0.864284 0.476897 0.159944
-0.26584661 -0.16341601 0.37835303 221 224 185 0.000000 2.000000 0.000000 -0.332657 -0.544786 0.769771
-0.26548621 -0.16281883 0.37896115 221 225 183 0.000000 2.000000 0.000000 -0.390697 -0.537821 0.747064
-0.27264562 -0.15792118 0.37907055 226 227 192 0.000000 2.000000 0.000000 0.030813 0.060563 0.997689
-0.27030948 -0.16330101 0.37671682 227 229 192 0.000000 2.000000 0.000000 -0.316613 -0.567331 0.760192
-0.26530075 -0.16578308 0.37883314 216 213 167 0.000000 1.000000 0.000000 -0.660827 0.660827 0.355830
-0.26852018 -0.16017655 0.37867144 217 220 172 0.000000 1.000000 0.000000 -0.574844 -0.527643 0.625417
-0.27518341 -0.15876518 0.37915030 224 227 189 0.000000 2.000000 0.000000 -0.110357 0.036786 0.993211
-0.26630288 -0.16402394 0.37758693 221 223 185 0.000000 2.000000 0.000000 -0.443125 -0.620374 0.647129
-0.26906055 -0.16438136 0.37624896 226 227 192 0.000000 2.000000 0.000000 -0.324510 -0.579597 0.747503
-0.27766964 -0.16117959 0.37713674 227 229 189 0.000000 2.000000 0.000000 -0.914355 -0.123862 0.385504
-0.27783829 -0.16175531 0.37684450 228 230 191 0.000000 2.000000 0.000000 -0.754858 -0.334595 0.564123
-0.27083901 -0.15785584 0.37883696 226 227 194 0.000000 1.000000 0.000000 0.040618 -0.028120 0.998779
-0.27058172 -0.16370271 0.37625873 228 230 193 0.000000 2.000000 0.000000 -0.293121 -0.626285 0.722390
-0.27396920 -0.16430104 0.37423509 226 228 191 0.000000 1.000000 0.000000 -0.462450 -0.881325 -0.096988
-0.27241942 -0.16500691 0.37355918 222 224 187 0.000000 1.000000 0.000000 -0.926493 -0.322933 0.193196
-0.26939219 -0.16401683 0.37642550 228 229 195 0.000000 2.000000 0.000000 -0.295546 -0.592689 0.749248
-0.27210760 -0.16109242 0.37809199 225 227 188 0.000000 2.000000 0.000000 -0.111038 -0.738771 0.664746
-0.26743409 -0.15932772 0.38012320 217 219 168 0.000000 1.000000 0.000000 -0.597499 -0.015179 0.801726
-0.27540141 -0.16806714 0.37427604 231 232 200 0.000000 2.000000 0.000000 -0.977036 0.032131 0.210640
-0.27534404 -0.16713266 0.37439460 229 230 198 0.000000 2.000000 0.000000 -0.973503 0.085569 -0.212062
-0.27508831 -0.16121313 0.37817457 227 228 193 0.000000 2.000000 0.000000 0.068577 -0.499636 0.863517
-0.26916492 -0.16666603 0.37494946 228 230 193 0.000000 2.000000 0.000000 -0.042259 -0.220953 0.974368
-0.27256969 -0.16420522 0.37511402 233 234 200 0.000000 2.000000 0.000000 0.041847 -0.444120 0.894990
-0.26613897 -0.16151656 0.37970266 221 223 178 0.000000 2.000000 0.000000 -0.180234 -0.438131 0.880657
-0.26915756 -0.15924376 0.37942868 214 216 170 0.000000 1.000000 0.000000 -0.284413 0.406087 0.868448
-0.26607955 -0.16228278 0.37906802 222 225 181 0.000000 2.000000 0.000000 -0.295546 -0.592689 0.749248
-0.26732847 -0.16120245 0.37953588 222 222 178 0.000000 2.000000 0.000000 -0.315726 -0.398893 0.860931
-0.26807523 -0.16260053 0.37791544 222 224 185 0.000000 2.000000 0.000000 -0.310830 -0.616829 0.723123
-0.27062008 -0.16179003 0.37767017 228 230 190 0.000000 2.000000 0.000000 -0.146086 -0.730432 0.667179
-0.26941153 -0.15925699 0.37936690 215 217 170 0.000000 1.000000 0.000000 -0.421960 0.225145 0.878214
-0.27225238 -0.15976369 0.37895706 217 220 177 0.000000 1.000000 0.000000 0.092870 -0.088284 0.991757
-0.26769468 -0.16430451 0.37671587 228 229 193 0.000000 2.000000 0.000000 -0.222556 -0.605415 0.764161
-0.27214691 -0.16262735 0.37691891 227 228 194 0.000000 2.000000 0.000000 -0.029566 -0.713802 0.699723
-0.27264389 -0.16869865 0.37416318 237 238 205 0.000000 2.000000 0.000000 0.041207 -0.405423 0.913200
-0.26709759 -0.16063496 0.37957403 219 221 177 0.000000 1.000000 0.000000 -0.370641 -0.383152 0.846062
-0.26785156 -0.16846639 0.37492517 227 229 193 0.000000 2.000000 0.000000 -0.097018 0.180527 0.978774
-0.27696422 -0.15961573 0.37833726 226 228 189 0.000000 2.000000 0.000000 -0.674853 -0.035370 0.737104
-0.27538601 -0.16843665 0.37429181 228 229 198 0.000000 2.000000 0.000000 -0.772214 -0.116644 0.624563
-0.27175063 -0.16520892 0.37251630 223 223 189 0.000000 1.000000 0.000000 -0.833327 -0.184683 -0.521017
-0.27288419 -0.16788876 0.37165153 224 225 191 0.000000 1.000000 0.000000 -0.485375 0.763199 -0.426542
-0.27211043 -0.16185039 0.37771147 231 233 196 0.000000 2.000000 0.000000 -0.004121 -0.616784 0.787121
-0.26471084 -0.16144796 0.37991545 223 226 180 0.000000 2.000000 0.000000 -0.028991 -0.172786 0.984533
-0.26538751 -0.16205011 0.37949961 223 225 183 0.000000 2.000000 0.000000 -0.317187 -0.478147 0.819004
-0.26839554 -0.15920410 0.37961406 216 218 170 0.000000 1.000000 0.000000 -0.395266 0.266016 0.879204
-0.27062008 -0.16179003 0.37767017 227 229 189 0.000000 2.000000 0.000000 -0.145991 -0.738986 0.657713
-0.27385479 -0.16192397 0.37769097 225 226 192 0.000000 1.000000 0.000000 0.055751 -0.641856 0.764796
-0.27198878 -0.16262487 0.37682274 224 225 190 0.000000 2.000000 0.000000 -0.047087 -0.712007 0.700592
-0.27760175 -0.15967187 0.37764367 225 228 185 0.000000 2.000000 0.000000 -0.932344 -0.118414 0.341633
-0.27157336 -0.16846925 0.37414837 230 231 199 0.000000 2.000000 0.000000 -0.033010 -0.407999 0.912386
-0.27470449 -0.16877721 0.37433499 235 236 204 0.000000 2.000000 0.000000 -0.190312 -0.502004 0.843667
-0.27385479 -0.16192397 0.37769097 229 231 198 0.000000 2.000000 0.000000 0.058255 -0.601025 0.797104
-0.27689144 -0.15905073 0.37847155 223 225 184 0.000000 2.000000 0.000000 -0.661422 -0.098260 0.743550
-0.27665916 -0.16165373 0.37807369 230 232 199 0.000000 2.000000 0.000000 -0.235555 -0.581868 0.778424
-0.27385479 -0.16192397 0.37769097 228 230 197 0.000000 2.000000 0.000000 0.058287 -0.604199 0.794699
-0.27080855 -0.16767161 0.37471429 233 234 200 0.000000 2.000000 0.000000 -0.060871 -0.415276 0.907656
-0.27175063 -0.16520892 0.37251630 223 224 190 0.000000 1.000000 0.000000 -0.833327 -0.184683 -0.521017
-0.27684322 -0.16185994 0.37776569 230 233 199 0.000000 2.000000 0.000000 -0.416861 -0.646052 0.639409
-0.27089670 -0.16786708 0.37456420 234 235 201 0.000000 2.000000 0.000000 -0.103765 -0.484710 0.868498
-0.27219403 -0.16496646 0.37428710 226 227 191 0.000000 2.000000 0.000000 -0.528998 -0.589841 0.610122
-0.27396920 -0.16430104 0.37423509 225 227 190 0.000000 1.000000 0.000000 -0.460409 -0.883034 -0.090962
-0.26859093 -0.16244224 0.37778398 226 228 188 0.000000 2.000000 0.000000 -0.329246 -0.604969 0.724990
-0.27731410 -0.15963967 0.37811753 225 227 186 0.000000 2.000000 0.000000 -0.825216 -0.072687 0.560121
-0.26867580 -0.16849782 0.37499389 228 229 194 0.000000 2.000000 0.000000 -0.095777 0.126520 0.987329
-0.27462325 -0.16593829 0.37561086 228 229 196 0.000000 2.000000 0.000000 0.052278 0.812430 0.580711
-0.27175063 -0.16520892 0.37251630 223 224 190 0.000000 1.000000 0.000000 -0.833327 -0.184683 -0.521017
-0.27485442 -0.16848361 0.37267107 226 227 195 0.000000 2.000000 0.000000 -0.561390 0.746893 -0.356361
-0.27207083 -0.16792247 0.37441319 236 237 205 0.000000 2.000000 0.000000 -0.014865 -0.504067 0.863536
-0.26690301 -0.15985551 0.38027042 218 220 175 0.000000 1.000000 0.000000 -0.264609 -0.353305 0.897306
-0.26715022 -0.16350111 0.37763202 221 223 183 0.000000 2.000000 0.000000 -0.347541 -0.634711 0.690187
-0.27547136 -0.16787414 0.37452227 231 232 200 0.000000 2.000000 0.000000 -0.774912 -0.211902 0.595491
-0.27658337 -0.16892670 0.37266633 229 229 198 0.000000 2.000000 0.000000 -0.435908 0.799433 0.413389
-0.27041668 -0.16634366 0.37503678 234 235 201 0.000000 2.000000 0.000000 -0.011097 -0.021185 0.999714
-0.27305523 -0.16625567 0.37533122 228 229 195 0.000000 2.000000 0.000000 0.110109 0.597526 0.794254
-0.27602965 -0.16339068 0.37585774 227 229 193 0.000000 2.000000 0.000000 -0.266301 -0.814477 0.515472
-0.27346531 -0.16797209 0.37461242 232 233 200 0.000000 2.000000 0.000000 0.045301 -0.492818 0.868952
-0.27405044 -0.16713996 0.37295923 225 227 190 0.000000 1.000000 0.000000 -0.636848 0.276127 -0.719846
-0.26565972 -0.16245182 0.37904155 222 226 182 0.000000 2.000000 0.000000 -0.331500 -0.574062 0.748706
-0.27647981 -0.16910072 0.37283215 229 229 198 0.000000 2.000000 0.000000 -0.448168 0.753514 0.481001
-0.26812693 -0.16201906 0.37855795 219 221 181 0.000000 2.000000 0.000000 -0.406811 -0.639275 0.652558
-0.26722598 -0.16581300 0.37566638 238 241 209 0.000000 1.000000 0.000000 -0.073709 -0.660491 0.747207
-0.27080223 -0.16468589 0.37515816 233 234 200 0.000000 1.000000 0.000000 -0.211128 -0.514908 0.830840
-0.27390018 -0.16794164 0.37140438 224 225 191 0.000000 1.000000 0.000000 -0.076930 0.947937 0.309025
-0.26854849 -0.16775632 0.37486622 233 234 200 0.000000 1.000000 0.000000 0.023063 -0.005014 0.999721
-0.27753118 -0.16549402 0.37582776 232 233 200 0.000000 1.000000 0.000000 -0.924050 -0.214334 0.316533
-0.26785675 -0.15991665 0.37976918 218 221 174 0.000000 1.000000 0.000000 -0.391688 -0.265627 0.880922
-0.27699172 -0.16473682 0.37566572 231 232 200 0.000000 1.000000 0.000000 -0.498072 0.765887 0.406622
-0.27420372 -0.16808517 0.37268275 236 237 205 0.000000 1.000000 0.000000 -0.554730 0.725923 -0.406583
-0.27727938 -0.16476902 0.37519190 233 234 200 0.000000 1.000000 0.000000 -0.582723 0.758338 0.292160
-0.27288419 -0.16788876 0.37165153 224 225 191 0.000000 1.000000 0.000000 -0.485375 0.763199 -0.426542
-0.27442849 -0.15707101 0.37901068 231 232 201 0.000000 1.000000 0.000000 -0.003456 -0.197001 0.980397
-0.27439833 -0.15927976 0.37935933 224 226 186 0.000000 2.000000 0.000000 -0.032569 -0.124660 0.991665
-0.26845953 -0.16510215 0.37614998 227 230 194 0.000000 2.000000 0.000000 -0.238381 -0.505982 0.828949
-0.27198106 -0.16280961 0.37683064 223 224 190 0.000000 2.000000 0.000000 -0.052973 -0.725873 0.685786
-0.27762768 -0.15987560 0.37723953 224 227 184 0.000000 2.000000 0.000000 -0.980662 -0.153420 0.121509
-0.27740306 -0.16229385 0.37683377 227 229 192 0.000000 2.000000 0.000000 -0.502832 -0.640733 0.580191
-0.27156565 -0.16865399 0.37415627 230 231 199 0.000000 2.000000 0.000000 -0.043356 -0.374437 0.926238
-0.27288419 -0.16788876 0.37165153 224 225 191 0.000000 1.000000 0.000000 -0.485375 0.763199 -0.426542
-0.27533352 -0.16655943 0.37478301 231 232 199 0.000000 2.000000 0.000000 -0.897376 0.434214 -0.078572
-0.26830533 -0.16070932 0.37901098 218 222 176 0.000000 1.000000 0.000000 -0.491184 -0.119555 0.862812
-0.27727938 -0.16476902 0.37519190 233 233 199 0.000000 1.000000 0.000000 -0.582723 0.758338 0.292160
-0.27072349 -0.16062710 0.37895516 216 220 175 0.000000 1.000000 0.000000 0.127986 0.165263 0.977910
-0.26690865 -0.16137148 0.37950939 223 223 179 0.000000 2.000000 0.000000 -0.258304 -0.450885 0.854390
-0.27572393 -0.16395892 0.37527701 234 235 203 0.000000 1.000000 0.000000 -0.294377 0.661142 0.690097
-0.26976141 -0.15928094 0.37914717 214 216 168 0.000000 1.000000 0.000000 -0.533723 0.149324 0.832371
-0.26702857 -0.16427557 0.37674329 224 226 188 0.000000 2.000000 0.000000 -0.261573 -0.648384 0.714967
-0.27311590 -0.16133006 0.37785271 225 228 191 0.000000 2.000000 0.000000 0.001381 -0.664449 0.747332
-0.27598533 -0.16180955 0.37810901 229 231 199 0.000000 2.000000 0.000000 -0.006886 -0.621147 0.783664
-0.26865032 -0.16167600 0.37841859 221 223 181 0.000000 2.000000 0.000000 -0.458975 -0.505369 0.730715
-0.27167380 -0.15846048 0.37851727 221 222 183 0.000000 1.000000 0.000000 0.023763 -0.036161 0.999063
-0.27149603 -0.16123998 0.37838140 226 228 186 0.000000 2.000000 0.000000 -0.148363 -0.780778 0.606939
-0.27346531 -0.16797209 0.37461242 231 232 200 0.000000 2.000000 0.000000 0.042673 -0.507941 0.860334
-0.26881710 -0.16494136 0.37592235 226 228 191 0.000000 2.000000 0.000000 -0.328870 -0.487745 0.808671
-0.27776834 -0.16194831 0.37659827 226 228 189 0.000000 2.000000 0.000000 -0.702270 -0.408143 0.583297
-0.27190876 -0.16521141 0.37261245 222 224 189 0.000000 1.000000 0.000000 -0.883301 -0.198412 -0.424749
-0.27465984 -0.16770416 0.37336749 227 228 195 0.000000 2.000000 0.000000 -0.689888 0.423907 -0.586820
-0.27339220 -0.16791521 0.37152794 223 224 191 0.000000 1.000000 0.000000 -0.317437 0.944407 -0.085616
-0.27426267 -0.15725327 0.37892240 230 232 201 0.000000 2.000000 0.000000 -0.014460 -0.132368 0.991095
-0.27199930 -0.16319808 0.37643436 226 228 192 0.000000 2.000000 0.000000 -0.082958 -0.723336 0.685495
-0.27333924 -0.16307122 0.37637159 227 228 193 0.000000 2.000000 0.000000 0.012520 -0.755354 0.655197
-0.27745414 -0.16024262 0.37715912 224 226 184 0.000000 2.000000 0.000000 -0.998024 -0.024239 0.057963
-0.27475965 -0.16332456 0.37616667 230 232 198 0.000000 2.000000 0.000000 -0.023598 -0.800942 0.598277
-0.27780890 -0.15932384 0.37731203 230 231 191 0.000000 1.000000 0.000000 -0.923612 -0.190946 0.332387
-0.26871839 -0.16417265 0.37646082 228 229 194 0.000000 2.000000 0.000000 -0.266583 -0.582066 0.768201
-0.26779529 -0.16238359 0.37838140 224 226 186 0.000000 2.000000 0.000000 -0.352119 -0.646916 0.676396
-0.27651846 -0.15958104 0.37871495 229 231 192 0.000000 2.000000 0.000000 -0.506181 -0.080369 0.858674
-0.27716729 -0.16266911 0.37649930 232 233 198 0.000000 2.000000 0.000000 -0.426864 -0.733414 0.529047
-0.26929349 -0.16324812 0.37696397 225 227 190 0.000000 2.000000 0.000000 -0.296587 -0.534491 0.791427
-0.27420059 -0.16534935 0.37596491 234 235 203 0.000000 1.000000 0.000000 0.250091 0.098754 0.963173
-0.26618877 -0.16362472 0.37814116 221 224 185 0.000000 2.000000 0.000000 -0.381845 -0.571948 0.725996
-0.27191585 -0.16107094 0.37840787 226 228 187 0.000000 2.000000 0.000000 -0.152688 -0.748323 0.645523
-0.26567310 -0.16378303 0.37827262 223 225 186 0.000000 2.000000 0.000000 -0.376074 -0.538877 0.753777
-0.26565346 -0.16656502 0.37823290 217 212 168 0.000000 2.000000 0.000000 -0.955200 0.163863 -0.246460
-0.27157792 -0.15844975 0.37867522 222 223 185 0.000000 1.000000 0.000000 0.023763 -0.036161 0.999063
-0.27611768 -0.16259724 0.37715849 229 230 195 0.000000 2.000000 0.000000 -0.125894 -0.792389 0.596884
-0.27150375 -0.16105524 0.37837350 227 229 187 0.000000 2.000000 0.000000 -0.155017 -0.775087 0.612544
-0.27457750 -0.16042872 0.37867868 230 231 194 0.000000 2.000000 0.000000 0.023415 -0.552321 0.833302
-0.27750021 -0.15814519 0.37856266 224 226 186 0.000000 2.000000 0.000000 -0.360212 -0.199480 0.911293
-0.27144730 -0.16356836 0.37590754 225 227 190 0.000000 2.000000 0.000000 -0.159313 -0.684287 0.711598
-0.27470794 -0.16390604 0.37552419 230 232 199 0.000000 2.000000 0.000000 -0.012106 -0.501742 0.864933
-0.27466753 -0.16751942 0.37335959 232 233 200 0.000000 2.000000 0.000000 -0.739404 0.363989 -0.566387
-0.27461916 -0.16933970 0.37410453 230 231 199 0.000000 2.000000 0.000000 -0.097196 -0.270852 0.957702
-0.26489976 -0.16071145 0.37998009 217 220 175 0.000000 2.000000 0.000000 0.112969 -0.062760 0.991614
-0.27531779 -0.15785217 0.37895298 224 226 190 0.000000 2.000000 0.000000 -0.113293 0.092269 0.989268
-0.26822376 -0.16547741 0.37581548 233 237 204 0.000000 1.000000 0.000000 -0.115157 -0.546629 0.829419
-0.27420059 -0.16534935 0.37596491 234 235 203 0.000000 1.000000 0.000000 0.250091 0.098754 0.963173
-0.27673554 -0.16543537 0.37642518 235 236 204 0.000000 1.000000 0.000000 -0.192260 -0.100472 0.976187
-0.26775411 -0.16353829 0.37735048 223 226 186 0.000000 2.000000 0.000000 -0.272298 -0.625807 0.730904
-0.27690262 -0.16109373 0.37840030 231 233 199 0.000000 2.000000 0.000000 -0.338821 -0.391424 0.855563
-0.26799080 -0.16661064 0.37510046 229 232 197 0.000000 2.000000 0.000000 0.009048 -0.394215 0.918974
-0.26704383 -0.16291715 0.37817836 222 225 185 0.000000 2.000000 0.000000 -0.358655 -0.610859 0.705845
-0.27299127 -0.16035762 0.37879533 224 225 183 0.000000 2.000000 0.000000 -0.092018 -0.655814 0.749293
-0.27598739 -0.16010883 0.37886217 230 232 195 0.000000 2.000000 0.000000 -0.209024 -0.269932 0.939918
-0.27294534 -0.16344397 0.37594095 227 229 192 0.000000 2.000000 0.000000 0.006898 -0.773939 0.633223
-0.27489561 -0.16732891 0.37370196 236 237 206 0.000000 2.000000 0.000000 -0.804652 0.308265 -0.507452
-0.27305523 -0.16625567 0.37533122 227 228 194 0.000000 2.000000 0.000000 0.095397 0.667777 0.738223
-0.27593377 -0.16337994 0.37601566 229 230 196 0.000000 2.000000 0.000000 -0.187612 -0.842002 0.505801
-0.27615085 -0.16923429 0.37372592 234 235 203 0.000000 2.000000 0.000000 -0.443742 0.443742 0.778580
-0.27064759 -0.16691114 0.37499863 230 231 197 0.000000 2.000000 0.000000 0.018847 -0.123058 0.992221
-0.27379411 -0.16684960 0.37516952 235 236 204 0.000000 2.000000 0.000000 0.082879 -0.481824 0.872340
-0.27405044 -0.16713996 0.37295923 224 227 190 0.000000 1.000000 0.000000 -0.636848 0.276127 -0.719846
-0.26609007 -0.16285601 0.37867963 222 225 183 0.000000 2.000000 0.000000 -0.329446 -0.551220 0.766565
-0.27755710 -0.16569775 0.37542361 232 233 200 0.000000 1.000000 0.000000 -0.895192 -0.442856 -0.050109
-0.26575971 -0.16616005 0.37913737 203 194 145 0.000000 1.000000 0.000000 -0.764813 0.595204 0.246562
-0.26881051 -0.15997779 0.37926790 217 220 172 0.000000 1.000000 0.000000 -0.562081 -0.528322 0.636350
-0.27236018 -0.15717719 0.37884673 232 235 203 0.000000 1.000000 0.000000 0.034822 0.122439 0.991865
-0.27223697 -0.16013320 0.37897283 222 224 180 0.000000 2.000000 0.000000 -0.062080 -0.473185 0.878773
-0.27199930 -0.16319808 0.37643436 228 230 194 0.000000 2.000000 0.000000 -0.076838 -0.729231 0.679939
-0.27508360 -0.16314480 0.37635112 230 231 198 0.000000 2.000000 0.000000 -0.023598 -0.800942 0.598277
-0.27709594 -0.16603257 0.37581703 234 235 203 0.000000 1.000000 0.000000 -0.496472 -0.792106 0.355082
-0.27420372 -0.16808517 0.37268275 235 237 205 0.000000 1.000000 0.000000 -0.554730 0.725923 -0.406583
-0.26547286 -0.16148762 0.37973008 221 224 180 0.000000 2.000000 0.000000 -0.149971 -0.412778 0.898400
-0.27630803 -0.16578917 0.37640658 235 236 204 0.000000 1.000000 0.000000 -0.011981 -0.469932 0.882621
-0.27535945 -0.16676316 0.37437883 233 234 202 0.000000 2.000000 0.000000 -0.886398 -0.136039 -0.442483
-0.27544338 -0.16937113 0.37417328 232 233 201 0.000000 2.000000 0.000000 -0.098675 -0.208592 0.973012
-0.26953697 -0.16268812 0.37729061 225 227 189 0.000000 2.000000 0.000000 -0.320622 -0.527990 0.786402
-0.26774451 -0.16641267 0.37515438 230 235 202 0.000000 1.000000 0.000000 0.028496 -0.492573 0.869805
-0.27752897 -0.15910690 0.37777799 225 228 184 0.000000 2.000000 0.000000 -0.856326 -0.173040 0.486583
-0.26650989 -0.16268697 0.37870610 220 224 183 0.000000 2.000000 0.000000 -0.309854 -0.576361 0.756173
-0.26698834 -0.15929303 0.38050088 217 219 170 0.000000 1.000000 0.000000 -0.272576 -0.018335 0.961960
-0.27482378 -0.16062668 0.37862477 226 228 190 0.000000 2.000000 0.000000 0.023260 -0.526777 0.849685
-0.26987630 -0.16213885 0.37745926 225 227 187 0.000000 2.000000 0.000000 -0.279527 -0.669268 0.688436
-0.27011207 -0.16176359 0.37779376 227 229 189 0.000000 2.000000 0.000000 -0.230358 -0.734952 0.637794
-0.27286190 -0.16131684 0.37791449 226 228 191 0.000000 2.000000 0.000000 -0.029536 -0.673708 0.738407
-0.27598533 -0.16180955 0.37810901 228 231 198 0.000000 2.000000 0.000000 -0.015233 -0.619033 0.785217
-0.27004653 -0.16763194 0.37489966 231 232 198 0.000000 2.000000 0.000000 -0.106304 -0.242065 0.964419
-0.27354294 -0.16759434 0.37485078 228 228 197 0.000000 1.000000 0.000000 0.012523 -0.658157 0.752776
-0.26850557 -0.16300473 0.37755352 225 227 188 0.000000 2.000000 0.000000 -0.287667 -0.576924 0.764464
-0.26881081 -0.16905455 0.37511370 226 227 194 0.000000 2.000000 0.000000 -0.247399 0.134826 0.959487
-0.27729100 -0.16019394 0.37814116 227 229 191 0.000000 2.000000 0.000000 -0.806646 -0.064020 0.587557
-0.27479959 -0.16632925 0.37531075 227 228 195 0.000000 2.000000 0.000000 -0.066497 0.907886 0.413909
-0.27770075 -0.16951735 0.37295100 235 235 204 0.000000 2.000000 0.000000 -0.709421 0.536634 0.456887
-0.27044749 -0.16560467 0.37500528 233 234 200 0.000000 2.000000 0.000000 -0.005083 -0.037613 0.999279
-0.27648750 -0.16891597 0.37282428 232 232 201 0.000000 2.000000 0.000000 -0.395132 0.868069 0.300544
-0.27005267 -0.16252981 0.37715912 226 228 190 0.000000 2.000000 0.000000 -0.253184 -0.599149 0.759551
-0.27602181 -0.16258650 0.37731645 226 228 192 0.000000 2.000000 0.000000 -0.061465 -0.776175 0.627515
-0.27322513 -0.16267200 0.37692583 229 230 196 0.000000 2.000000 0.000000 0.012537 -0.739693 0.672828
-0.27013755 -0.16858539 0.37436906 232 233 200 0.000000 2.000000 0.000000 -0.332525 -0.259281 0.906753
-0.27327511 -0.16576909 0.37391353 222 224 187 0.000000 1.000000 0.000000 -0.284400 0.941130 0.182730
-0.27770248 -0.15873988 0.37785837 227 230 187 0.000000 1.000000 0.000000 -0.824562 -0.208808 0.525830
-0.27271730 -0.16363448 0.37559858 226 227 191 0.000000 2.000000 0.000000 -0.018198 -0.715339 0.698541
-0.27074173 -0.16101557 0.37855887 225 227 183 0.000000 2.000000 0.000000 -0.146508 -0.714418 0.684210
-0.27676743 -0.16913292 0.37235832 225 225 194 0.000000 1.000000 0.000000 -0.470026 0.670750 0.573733
-0.27029598 -0.16098088 0.37893656 227 230 187 0.000000 1.000000 0.000000 -0.196638 -0.809418 0.553331
-0.27398556 -0.15779430 0.37900782 224 226 193 0.000000 2.000000 0.000000 -0.052312 0.152286 0.986951
-0.27307943 -0.16055310 0.37864527 224 225 182 0.000000 2.000000 0.000000 -0.079736 -0.653838 0.752421
-0.27086166 -0.16391966 0.37579280 232 234 198 0.000000 2.000000 0.000000 -0.264938 -0.639342 0.721838
-0.27664232 -0.15809479 0.37890598 227 229 192 0.000000 2.000000 0.000000 -0.213345 -0.109829 0.970784
-0.27421629 -0.16695771 0.37304750 229 230 195 0.000000 2.000000 0.000000 -0.682772 0.233869 -0.692190
-0.27576780 -0.16257328 0.37737823 232 233 199 0.000000 1.000000 0.000000 -0.029365 -0.784473 0.619468
-0.27048302 -0.16293401 0.37679720 228 230 192 0.000000 2.000000 0.000000 -0.258779 -0.566176 0.782610
-0.27563402 -0.15785715 0.37914526 227 232 199 0.000000 1.000000 0.000000 -0.137934 0.021307 0.990212
-0.26731417 -0.16600849 0.37551630 235 238 206 0.000000 1.000000 0.000000 -0.038006 -0.612327 0.789691
-0.27614221 -0.16597143 0.37631831 236 237 205 0.000000 1.000000 0.000000 0.037774 -0.588999 0.807250
-0.27717185 -0.16933338 0.37240058 224 225 193 0.000000 2.000000 0.000000 -0.474435 0.672256 0.568316
-0.26966870 -0.16910496 0.37477037 228 229 197 0.000000 2.000000 0.000000 -0.506970 0.048349 0.860606
-0.26741099 -0.15988196 0.38014686 218 220 175 0.000000 1.000000 0.000000 -0.464464 -0.325912 0.823440
-0.26513067 -0.16127892 0.37994194 220 223 177 0.000000 2.000000 0.000000 -0.025003 -0.220265 0.975120
-0.27231145 -0.16660449 0.37512031 237 238 204 0.000000 1.000000 0.000000 0.075415 -0.121825 0.989682
-0.26755953 -0.16275884 0.37804690 222 224 184 0.000000 2.000000 0.000000 -0.329892 -0.625657 0.706912
-0.27193409 -0.16145943 0.37801158 226 228 189 0.000000 2.000000 0.000000 -0.089109 -0.720179 0.688042
-0.27417874 -0.16174421 0.37787539 225 226 192 0.000000 1.000000 0.000000 0.061295 -0.597274 0.799691
-0.27750304 -0.15890317 0.37818214 222 225 181 0.000000 2.000000 0.000000 -0.783628 -0.190943 0.591158
-0.27717486 -0.16149543 0.37794223 230 234 199 0.000000 2.000000 0.000000 -0.646334 -0.435900 0.626293
-0.26871431 -0.16757406 0.37495449 229 230 194 0.000000 2.000000 0.000000 -0.021568 -0.029785 0.999324
-0.27164048 -0.16751827 0.37477511 231 232 199 0.000000 2.000000 0.000000 -0.003944 -0.445632 0.895208
-0.27175063 -0.16520892 0.37251630 223 224 190 0.000000 1.000000 0.000000 -0.833327 -0.184683 -0.521017
-0.27460814 -0.16828564 0.37272498 229 230 198 0.000000 2.000000 0.000000 -0.562810 0.738994 -0.370313
-0.27356920 -0.16019107 0.37891796 223 225 184 0.000000 2.000000 0.000000 -0.048871 -0.545956 0.836387
-0.26505789 -0.16071394 0.38007623 218 221 174 0.000000 2.000000 0.000000 0.094005 -0.105611 0.989954
-0.27649537 -0.16013528 0.37873858 230 231 195 0.000000 2.000000 0.000000 -0.360212 -0.199480 0.911293
-0.27093160 -0.16372667 0.37603900 228 230 193 0.000000 2.000000 0.000000 -0.264938 -0.639342 0.721838
-0.26790264 -0.16641515 0.37525055 228 232 196 0.000000 2.000000 0.000000 -0.017370 -0.463637 0.885855
-0.27491197 -0.16082217 0.37847471 228 229 194 0.000000 2.000000 0.000000 0.051589 -0.525654 0.849133
-0.26873741 -0.16701981 0.37493086 231 232 197 0.000000 2.000000 0.000000 0.003495 -0.210880 0.977506
-0.27758837 -0.15834068 0.37841260 222 224 181 0.000000 2.000000 0.000000 -0.602478 -0.260916 0.754283
-0.27726018 -0.16093293 0.37817270 230 233 197 0.000000 2.000000 0.000000 -0.714192 -0.230739 0.660824
-0.27187625 -0.16714302 0.37510961 236 237 203 0.000000 2.000000 0.000000 0.030912 -0.275733 0.960737
-0.27429393 -0.16657996 0.37328583 233 234 202 0.000000 2.000000 0.000000 -0.713228 -0.052885 -0.698934
-0.27463800 -0.16409902 0.37527797 229 230 197 0.000000 2.000000 0.000000 -0.169487 -0.667261 0.725284
-0.26773587 -0.16314980 0.37774676 224 226 186 0.000000 2.000000 0.000000 -0.300055 -0.617760 0.726870
-0.27684525 -0.16015925 0.37851885 228 229 193 0.000000 2.000000 0.000000 -0.582978 -0.109582 0.805064
-0.26627412 -0.16306223 0.37837163 222 225 184 0.000000 2.000000 0.000000 -0.338075 -0.561301 0.755411
-0.26774451 -0.16641267 0.37515438 227 230 195 0.000000 2.000000 0.000000 -0.014579 -0.446636 0.894597
-0.27198404 -0.16455652 0.37499928 234 235 202 0.000000 1.000000 0.000000 0.069327 -0.026664 0.997238
-0.27067068 -0.16635688 0.37497500 230 231 197 0.000000 2.000000 0.000000 0.046722 0.131049 0.990274
-0.27405044 -0.16713996 0.37295923 225 227 190 0.000000 1.000000 0.000000 -0.636848 0.276127 -0.719846
-0.27223697 -0.16013320 0.37897283 221 223 179 0.000000 2.000000 0.000000 -0.030176 -0.397537 0.917090
-0.27723411 -0.16932513 0.37265468 228 229 197 0.000000 2.000000 0.000000 -0.526406 0.667678 0.526406
-0.26654637 -0.16346394 0.37791353 220 222 184 0.000000 2.000000 0.000000 -0.417036 -0.599801 0.682876
-0.27038416 -0.16117637 0.37878650 226 229 185 0.000000 2.000000 0.000000 -0.200509 -0.800504 0.564792
-0.27515966 -0.15784967 0.37885681 223 224 187 0.000000 2.000000 0.000000 -0.105854 0.094222 0.989908
-0.27506727 -0.16006668 0.37895137 228 229 191 0.000000 2.000000 0.000000 -0.041592 -0.433360 0.900261
-0.27307943 -0.16055310 0.37864527 225 226 183 0.000000 2.000000 0.000000 -0.086135 -0.670100 0.737256
-0.26664618 -0.15908432 0.38071275 218 219 172 0.000000 1.000000 0.000000 0.033959 -0.019552 0.999232
-0.26908839 -0.16189545 0.37804881 225 227 186 0.000000 2.000000 0.000000 -0.315985 -0.675721 0.665999
-0.27539891 -0.15970215 0.37912792 228 229 191 0.000000 2.000000 0.000000 -0.095649 -0.297430 0.949940
-0.26924744 -0.16534555 0.37556043 226 228 190 0.000000 2.000000 0.000000 -0.360230 -0.391418 0.846774
-0.27767247 -0.16193756 0.37675622 229 231 193 0.000000 2.000000 0.000000 -0.670720 -0.453279 0.587089
-0.27622598 -0.16049156 0.37881613 232 234 198 0.000000 2.000000 0.000000 -0.154842 -0.347347 0.924864
-0.27018014 -0.16426022 0.37583598 229 231 195 0.000000 2.000000 0.000000 -0.326476 -0.635086 0.700056
-0.27287540 -0.16363697 0.37569475 226 228 190 0.000000 2.000000 0.000000 0.006941 -0.734307 0.678782
-0.27603799 -0.16467568 0.37616700 232 233 201 0.000000 2.000000 0.000000 -0.006853 0.582520 0.812787
-0.26514402 -0.16261013 0.37917301 222 225 184 0.000000 2.000000 0.000000 -0.400171 -0.507973 0.762776
-0.26795262 -0.15992738 0.37961122 218 221 174 0.000000 1.000000 0.000000 -0.427986 -0.266540 0.863588
-0.26575971 -0.16616005 0.37913737 201 190 141 0.000000 1.000000 0.000000 -0.753426 0.590954 0.288309
-0.27243736 -0.16341753 0.37606454 226 228 190 0.000000 2.000000 0.000000 -0.044042 -0.754393 0.654944
-0.27347913 -0.16268522 0.37686405 223 225 189 0.000000 2.000000 0.000000 0.015341 -0.748935 0.662466
-0.27501366 -0.16333778 0.37610489 228 229 194 0.000000 2.000000 0.000000 -0.096525 -0.828387 0.551778
-0.26868191 -0.16339569 0.37725338 226 228 190 0.000000 2.000000 0.000000 -0.259917 -0.578118 0.773449
-0.27757862 -0.16022614 0.37766734 226 229 188 0.000000 2.000000 0.000000 -0.953883 -0.044220 0.296904
-0.27215552 -0.16589022 0.37432650 228 228 193 0.000000 2.000000 0.000000 -0.229217 0.612805 0.756260
-0.27665004 -0.15791003 0.37889811 227 229 193 0.000000 1.000000 0.000000 -0.173708 -0.131219 0.976016
-0.27370736 -0.16348365 0.37575558 232 233 199 0.000000 1.000000 0.000000 0.018046 -0.609410 0.792650
-0.27716729 -0.16266911 0.37649930 234 235 201 0.000000 1.000000 0.000000 -0.422540 -0.741501 0.521188
-0.27471140 -0.16613378 0.37546080 226 227 194 0.000000 1.000000 0.000000 -0.043999 0.956656 0.287877
-0.27665019 -0.16599788 0.37619472 235 236 204 0.000000 1.000000 0.000000 -0.251758 -0.704605 0.663437
-0.27687150 -0.16943973 0.37396047 237 238 207 0.000000 1.000000 0.000000 -0.122277 -0.058281 0.990783
-0.26595712 -0.16769747 0.37806043 214 202 159 0.000000 1.000000 0.000000 -0.732652 0.285718 -0.617726
-0.27043808 -0.15988311 0.37873134 218 219 173 0.000000 1.000000 0.000000 -0.052007 0.144465 0.988142
-0.27211043 -0.16185039 0.37771147 232 233 196 0.000000 1.000000 0.000000 -0.004126 -0.612029 0.790824
-0.27576780 -0.16257328 0.37737823 232 233 199 0.000000 1.000000 0.000000 -0.023755 -0.778326 0.627411
-0.26664412 -0.16078503 0.37995958 219 221 176 0.000000 2.000000 0.000000 -0.169208 -0.469368 0.866639
-0.26699212 -0.16349861 0.37753585 220 222 182 0.000000 2.000000 0.000000 -0.351983 -0.636844 0.685958
-0.27699172 -0.16473682 0.37566572 231 232 200 0.000000 1.000000 0.000000 -0.498072 0.765887 0.406622
-0.26752305 -0.16198188 0.37883946 221 225 183 0.000000 2.000000 0.000000 -0.304401 -0.652287 0.694162
-0.27019948 -0.15950039 0.37877735 218 219 173 0.000000 1.000000 0.000000 -0.162485 0.050265 0.985430
-0.27385479 -0.16192397 0.37769097 224 225 191 0.000000 1.000000 0.000000 0.055751 -0.641856 0.764796
-0.27365455 -0.15962857 0.37914842 222 224 182 0.000000 2.000000 0.000000 0.033004 -0.253031 0.966895
-0.27442849 -0.15707101 0.37901068 231 233 202 0.000000 1.000000 0.000000 -0.003456 -0.197001 0.980397
-0.26788926 -0.16508396 0.37601945 230 233 199 0.000000 2.000000 0.000000 -0.134504 -0.560188 0.817372
-0.27264562 -0.15792118 0.37907055 227 228 193 0.000000 2.000000 0.000000 0.031244 0.076494 0.996580
-0.27007371 -0.16367626 0.37638232 229 231 195 0.000000 2.000000 0.000000 -0.325448 -0.600702 0.730233
-0.27347913 -0.16268522 0.37686405 226 228 193 0.000000 2.000000 0.000000 0.015341 -0.748935 0.662466
-0.27672154 -0.16263442 0.37687695 228 229 193 0.000000 2.000000 0.000000 -0.314306 -0.780180 0.540861
-0.26684925 -0.16213770 0.37887478 223 226 184 0.000000 2.000000 0.000000 -0.265401 -0.634102 0.726277
-0.27364165 -0.16836306 0.37431231 228 229 196 0.000000 2.000000 0.000000 0.049723 -0.417943 0.907111
-0.27286959 -0.16113208 0.37790662 227 229 192 0.000000 2.000000 0.000000 -0.041090 -0.670198 0.741044
-0.27631414 -0.16068704 0.37866607 233 235 201 0.000000 2.000000 0.000000 -0.166402 -0.382583 0.908813
-0.27289364 -0.16402544 0.37529847 232 233 199 0.000000 2.000000 0.000000 0.015260 -0.617321 0.786564
-0.26995316 -0.15930241 0.37883127 216 218 171 0.000000 1.000000 0.000000 -0.388693 0.071283 0.918606
-0.27290794 -0.15921941 0.37931803 219 221 177 0.000000 1.000000 0.000000 0.129625 0.056209 0.989969
-0.26722315 -0.16505502 0.37604690 228 229 195 0.000000 2.000000 0.000000 -0.155233 -0.622438 0.767121
-0.27039358 -0.16689791 0.37506044 234 235 201 0.000000 2.000000 0.000000 -0.010329 -0.180189 0.983578
-0.27354294 -0.16759434 0.37485078 228 229 197 0.000000 1.000000 0.000000 0.012523 -0.658157 0.752776
-0.27389234 -0.16713747 0.37286308 224 226 190 0.000000 1.000000 0.000000 -0.633649 0.290355 -0.717066
-0.27454212 -0.16408829 0.37543592 233 234 203 0.000000 1.000000 0.000000 0.036535 -0.298578 0.953686
-0.27571452 -0.15823738 0.37900308 227 231 197 0.000000 1.000000 0.000000 -0.162295 0.067524 0.984429
-0.27709594 -0.16603257 0.37581703 234 235 203 0.000000 1.000000 0.000000 -0.496472 -0.792106 0.355082
-0.27395993 -0.16666733 0.37525779 237 238 206 0.000000 1.000000 0.000000 0.091079 -0.458199 0.884171
-0.27572393 -0.16395892 0.37527701 233 235 203 0.000000 1.000000 0.000000 -0.294377 0.661142 0.690097
-0.27766603 -0.15796293 0.37865093 227 228 189 0.000000 1.000000 0.000000 -0.203976 -0.142398 0.968564
-0.27738360 -0.16606477 0.37534320 234 235 203 0.000000 1.000000 0.000000 -0.587223 -0.792524 -0.164543
-0.27475965 -0.16332456 0.37616667 232 233 200 0.000000 1.000000 0.000000 -0.012399 -0.800434 0.599292
-0.27431703 -0.16602570 0.37326220 231 232 200 0.000000 1.000000 0.000000 -0.629392 -0.286669 -0.722279
-0.27742979 -0.16495626 0.37529594 232 233 199 0.000000 1.000000 0.000000 -0.780287 0.573878 0.248628
-0.26648694 -0.16423015 0.37727892 222 224 185 0.000000 2.000000 0.000000 -0.438522 -0.651947 0.618599
-0.26811358 -0.16068786 0.37932685 217 222 176 0.000000 1.000000 0.000000 -0.593441 -0.270609 0.758022
-0.27058849 -0.16007034 0.37883538 217 219 173 0.000000 1.000000 0.000000 0.005595 0.153316 0.988161
-0.27415907 -0.15742728 0.37908822 227 229 197 0.000000 2.000000 0.000000 -0.029546 -0.013245 0.999476
-0.27390084 -0.15982655 0.37909451 223 226 185 0.000000 2.000000 0.000000 -0.036454 -0.454999 0.889746
-0.26844615 -0.16377094 0.37691891 228 230 193 0.000000 2.000000 0.000000 -0.232320 -0.587816 0.774919
-0.27754784 -0.16096513 0.37769884 229 232 195 0.000000 2.000000 0.000000 -0.870302 -0.184699 0.456576
-0.27075523 -0.16333570 0.37633914 230 232 193 0.000000 2.000000 0.000000 -0.253762 -0.616279 0.745524
-0.27457574 -0.16410728 0.37502387 223 225 188 0.000000 1.000000 0.000000 -0.406277 -0.909677 0.086180
-0.27720079 -0.16169915 0.37753806 228 231 195 0.000000 2.000000 0.000000 -0.622846 -0.514819 0.589088
-0.27172095 -0.16789851 0.37463292 230 231 199 0.000000 2.000000 0.000000 -0.012082 -0.495380 0.868593
-0.26852790 -0.15999179 0.37866357 218 220 172 0.000000 1.000000 0.000000 -0.562948 -0.546042 0.620426
-0.27448162 -0.16041797 0.37883663 228 229 191 0.000000 2.000000 0.000000 0.009478 -0.523998 0.851667
-0.26575971 -0.16616005 0.37913737 201 191 141 0.000000 1.000000 0.000000 -0.753426 0.590954 0.288309
-0.26865411 -0.16588160 0.37545356 231 234 199 0.000000 2.000000 0.000000 -0.151777 -0.443766 0.883196
-0.27177125 -0.16338859 0.37609199 224 226 189 0.000000 2.000000 0.000000 -0.108020 -0.714707 0.691032
-0.27485552 -0.16333529 0.37600875 228 230 195 0.000000 2.000000 0.000000 -0.049297 -0.809879 0.584522
-0.27504870 -0.16728520 0.37487632 232 233 201 0.000000 2.000000 0.000000 -0.464491 -0.595287 0.655654
-0.26921585 -0.16362587 0.37672564 229 230 194 0.000000 2.000000 0.000000 -0.262687 -0.574136 0.775477
-0.27231273 -0.16244508 0.37700719 230 231 196 0.000000 2.000000 0.000000 -0.009743 -0.700080 0.713998
-0.26734388 -0.16083294 0.37952012 221 223 178 0.000000 2.000000 0.000000 -0.389609 -0.415052 0.822154
-0.26793045 -0.16392925 0.37705037 226 229 190 0.000000 2.000000 0.000000 -0.226259 -0.613240 0.756798
-0.27412730 -0.16430353 0.37433124 225 227 190 0.000000 1.000000 0.000000 -0.460409 -0.883034 -0.090962
-0.26992804 -0.16155738 0.37810177 228 230 189 0.000000 2.000000 0.000000 -0.243277 -0.761222 0.601130
-0.27584952 -0.15879412 0.37912288 226 229 191 0.000000 2.000000 0.000000 -0.237466 0.040186 0.970564
-0.27011019 -0.16445322 0.37558976 231 233 198 0.000000 2.000000 0.000000 -0.325865 -0.640381 0.695503
-0.27251059 -0.15736443 0.37895077 230 232 200 0.000000 1.000000 0.000000 0.029607 0.099786 0.994568
-0.27006319 -0.16310304 0.37677073 227 229 192 0.000000 2.000000 0.000000 -0.325106 -0.530098 0.783136
-0.26708502 -0.16176245 0.37920925 221 224 181 0.000000 2.000000 0.000000 -0.257349 -0.601534 0.756259
-0.27581951 -0.16199180 0.37802073 232 235 204 0.000000 1.000000 0.000000 0.006913 -0.634577 0.772829
-0.27524817 -0.16712192 0.37455255 231 232 200 0.000000 2.000000 0.000000 -0.957976 -0.286783 0.006102
-0.27347913 -0.16268522 0.37686405 226 228 193 0.000000 2.000000 0.000000 0.015341 -0.748935 0.662466
-0.27611768 -0.16259724 0.37715849 228 229 193 0.000000 2.000000 0.000000 -0.116446 -0.791541 0.599920
-0.27362829 -0.16703185 0.37508124 232 233 201 0.000000 2.000000 0.000000 0.054865 -0.561309 0.825786
-0.27327511 -0.16576909 0.37391353 223 225 188 0.000000 1.000000 0.000000 -0.284400 0.941130 0.182730
-0.27305600 -0.16871436 0.37419754 231 232 199 0.000000 2.000000 0.000000 0.044800 -0.321281 0.945924
-0.27597448 -0.16884333 0.37402606 229 229 198 0.000000 2.000000 0.000000 -0.724070 0.367756 0.583506
-0.26700172 -0.16062424 0.37973198 220 221 177 0.000000 2.000000 0.000000 -0.328812 -0.390561 0.859852
-0.27766603 -0.15796293 0.37865093 226 228 190 0.000000 1.000000 0.000000 -0.205630 -0.134106 0.969398
-0.27716729 -0.16266911 0.37649930 233 235 201 0.000000 1.000000 0.000000 -0.422540 -0.741501 0.521188
-0.27430162 -0.16639520 0.37327796 233 234 202 0.000000 1.000000 0.000000 -0.702468 -0.114355 -0.702468
-0.26718670 -0.16427806 0.37683946 223 225 187 0.000000 2.000000 0.000000 -0.261573 -0.648384 0.714967
-0.26903856 -0.15978728 0.37961027 217 220 173 0.000000 1.000000 0.000000 -0.550828 -0.477161 0.684767
-0.27429411 -0.15798402 0.37920803 226 229 194 0.000000 2.000000 0.000000 -0.023744 0.143597 0.989351
-0.26840687 -0.16223602 0.37809199 224 226 186 0.000000 2.000000 0.000000 -0.355448 -0.627357 0.692878
-0.26873174 -0.16550386 0.37569189 228 231 195 0.000000 2.000000 0.000000 -0.222663 -0.483194 0.846726
-0.27742130 -0.16268232 0.37643749 225 227 189 0.000000 2.000000 0.000000 -0.466906 -0.661032 0.587398
-0.27420059 -0.16534935 0.37596491 233 234 202 0.000000 2.000000 0.000000 0.242665 0.106567 0.964239
-0.26712146 -0.16253941 0.37841669 221 224 183 0.000000 2.000000 0.000000 -0.325660 -0.630256 0.704786
-0.27175063 -0.16520892 0.37251630 222 223 189 0.000000 1.000000 0.000000 -0.866146 -0.197594 -0.459072
-0.27591461 -0.15954386 0.37899646 228 230 192 0.000000 2.000000 0.000000 -0.283120 -0.128932 0.950379
-0.26587665 -0.16731724 0.37820262 214 204 160 0.000000 2.000000 0.000000 -0.820113 0.205409 -0.534062
-0.26915833 -0.16170245 0.37829500 227 229 189 0.000000 2.000000 0.000000 -0.308365 -0.708755 0.634489
-0.26604119 -0.16419546 0.37765661 221 223 184 0.000000 1.000000 0.000000 -0.464831 -0.612503 0.639353
-0.27183190 -0.15846299 0.37861344 222 223 184 0.000000 2.000000 0.000000 0.023435 -0.019359 0.999538
-0.27082992 -0.16121106 0.37840882 224 225 181 0.000000 2.000000 0.000000 -0.187317 -0.790385 0.583270
-0.26942867 -0.16479379 0.37563294 225 227 188 0.000000 1.000000 0.000000 -0.439229 -0.501740 0.745208
-0.27792647 -0.16195080 0.37669444 226 228 188 0.000000 2.000000 0.000000 -0.722509 -0.368627 0.584888
-0.27645341 -0.15883130 0.37884137 228 230 190 0.000000 2.000000 0.000000 -0.420158 -0.049667 0.906091
-0.26629913 -0.15981834 0.38055196 217 220 175 0.000000 1.000000 0.000000 0.062013 -0.354926 0.932835
-0.27626210 -0.16887552 0.37355220 236 236 205 0.000000 2.000000 0.000000 -0.476554 0.877136 -0.059397
-0.26902896 -0.16266167 0.37741417 224 226 186 0.000000 2.000000 0.000000 -0.321870 -0.546057 0.773448
-0.26924258 -0.16628829 0.37518781 229 231 195 0.000000 2.000000 0.000000 -0.082749 -0.208726 0.974467
-0.27248499 -0.16623747 0.37520072 235 236 203 0.000000 2.000000 0.000000 0.143476 -0.158448 0.976887
-0.27603799 -0.16467568 0.37616700 233 234 202 0.000000 1.000000 0.000000 0.006892 0.613353 0.789779
-0.26827452 -0.16144833 0.37904251 219 222 179 0.000000 2.000000 0.000000 -0.530986 -0.346997 0.773077
-0.27738360 -0.16606477 0.37534320 233 234 203 0.000000 1.000000 0.000000 -0.587223 -0.792524 -0.164543
-0.27749753 -0.16547504 0.37623981 233 234 201 0.000000 1.000000 0.000000 -0.744734 -0.001382 0.667359
-0.26570028 -0.16692626 0.37850276 204 196 148 0.000000 1.000000 0.000000 -0.985097 -0.048025 -0.165159
-0.26575971 -0.16616005 0.37913737 201 191 141 0.000000 1.000000 0.000000 -0.753426 0.590954 0.288309
-0.27431703 -0.16602570 0.37326220 231 232 200 0.000000 1.000000 0.000000 -0.629392 -0.286669 -0.722279
-0.26988968 -0.16347004 0.37669033 227 229 192 0.000000 2.000000 0.000000 -0.313143 -0.570081 0.759572
-0.26910663 -0.16228393 0.37765253 225 228 188 0.000000 2.000000 0.000000 -0.332378 -0.611251 0.718260
-0.26943779 -0.16853748 0.37480852 229 230 196 0.000000 2.000000 0.000000 -0.301424 0.003691 0.953483
-0.27250040 -0.16586797 0.37518495 234 235 203 0.000000 2.000000 0.000000 0.180951 -0.212650 0.960227
-0.27501255 -0.16848610 0.37276721 226 226 195 0.000000 1.000000 0.000000 -0.561390 0.746893 -0.356361
-0.27442142 -0.15872552 0.37933570 224 227 189 0.000000 2.000000 0.000000 -0.016335 0.105634 0.994271
-0.26985729 -0.15929168 0.37898922 216 217 170 0.000000 1.000000 0.000000 -0.405042 0.069087 0.911684
-0.27292335 -0.15884991 0.37930226 225 227 186 0.000000 2.000000 0.000000 0.076474 0.101585 0.991883
-0.26864073 -0.16455039 0.37622249 229 230 195 0.000000 2.000000 0.000000 -0.261794 -0.556509 0.788518
-0.27748072 -0.16191611 0.37707210 227 229 192 0.000000 2.000000 0.000000 -0.671554 -0.463892 0.577771
-0.27071407 -0.16449040 0.37530825 234 235 201 0.000000 1.000000 0.000000 -0.259891 -0.590661 0.763922
-0.27420059 -0.16534935 0.37596491 234 235 203 0.000000 1.000000 0.000000 0.250091 0.098754 0.963173
-0.27684683 -0.16507661 0.37625149 233 234 202 0.000000 1.000000 0.000000 -0.297752 0.367278 0.881164
-0.27675062 -0.17267288 0.37193808 229 230 197 0.000000 2.000000 0.000000 -0.786215 -0.553029 0.275727
-0.27166295 -0.17259318 0.37318176 232 233 200 0.000000 2.000000 0.000000 -0.138345 -0.251657 0.957877
-0.27081484 -0.17065732 0.37427038 225 226 193 0.000000 2.000000 0.000000 -0.373730 -0.024570 0.927212
-0.27875605 -0.17110518 0.37153077 234 235 202 0.000000 1.000000 0.000000 -0.455432 -0.397497 0.796604
-0.27754045 -0.17022665 0.37355253 228 227 196 0.000000 2.000000 0.000000 -0.520636 -0.418808 0.744001
-0.26935309 -0.17056973 0.37489522 228 228 195 0.000000 2.000000 0.000000 -0.431878 -0.081408 0.898251
-0.27728927 -0.17097139 0.37323380 230 231 198 0.000000 2.000000 0.000000 -0.279183 -0.617393 0.735447
-0.27570382 -0.17335899 0.37221676 235 236 204 0.000000 1.000000 0.000000 -0.212607 -0.248270 0.945072
-0.26960710 -0.17058297 0.37483343 227 228 195 0.000000 2.000000 0.000000 -0.466610 -0.061939 0.882292
-0.27637717 -0.17272234 0.37041348 235 236 202 0.000000 1.000000 0.000000 -0.727309 -0.089267 0.680480
-0.27535033 -0.17011838 0.37395069 231 231 200 0.000000 2.000000 0.000000 -0.013428 -0.277114 0.960743
-0.27259564 -0.17150785 0.37345731 229 229 194 0.000000 2.000000 0.000000 -0.166992 -0.349420 0.921965
-0.27452892 -0.17084493 0.37350145 229 230 196 0.000000 2.000000 0.000000 -0.036100 -0.429186 0.902494
-0.27564645 -0.17242451 0.37233528 233 234 202 0.000000 2.000000 0.000000 -0.393128 -0.272629 0.878137
-0.27266356 -0.17301556 0.37295038 232 234 202 0.000000 2.000000 0.000000 -0.221610 -0.197435 0.954939
-0.27720112 -0.17077592 0.37338385 229 230 197 0.000000 2.000000 0.000000 -0.322758 -0.560411 0.762737
-0.27649176 -0.17360239 0.37162721 235 236 204 0.000000 1.000000 0.000000 -0.784556 -0.094612 0.612798
-0.27010673 -0.16932440 0.37440059 231 232 200 0.000000 2.000000 0.000000 -0.448770 0.011914 0.893568
-0.27668351 -0.17362386 0.37131134 235 236 204 0.000000 1.000000 0.000000 -0.711085 0.361264 0.603197
-0.27061334 -0.17252131 0.37384099 225 228 195 0.000000 1.000000 0.000000 -0.398147 -0.539055 0.742225
-0.27234447 -0.17225261 0.37313858 228 228 194 0.000000 2.000000 0.000000 -0.148950 -0.354975 0.922934
-0.27436107 -0.17272790 0.37266001 232 233 200 0.000000 2.000000 0.000000 -0.311405 -0.455371 0.834065
-0.27360189 -0.17344621 0.37246487 234 236 205 0.000000 1.000000 0.000000 -0.307236 -0.542837 0.781622
-0.27604601 -0.17356770 0.37200490 235 236 204 0.000000 1.000000 0.000000 -0.613932 -0.328834 0.717604
-0.27792677 -0.17102756 0.37254021 231 232 200 0.000000 2.000000 0.000000 -0.681534 -0.473892 0.557618
-0.27112272 -0.16937728 0.37415341 233 234 202 0.000000 2.000000 0.000000 -0.152564 -0.035560 0.987654
-0.27095267 -0.17197204 0.37400964 227 229 197 0.000000 2.000000 0.000000 -0.445889 -0.237303 0.863059
-0.27404121 -0.16950625 0.37398192 234 237 203 0.000000 2.000000 0.000000 -0.010272 -0.172344 0.984983
-0.27782807 -0.17025885 0.37307867 232 233 202 0.000000 2.000000 0.000000 -0.801998 0.055359 0.594756
-0.27144951 -0.16995549 0.37395731 226 227 194 0.000000 2.000000 0.000000 -0.162840 -0.052718 0.985243
-0.26923692 -0.17187123 0.37469628 229 232 197 0.000000 1.000000 0.000000 -0.267192 -0.193200 0.944077
-0.27846560 -0.17031500 0.37238511 235 237 206 0.000000 1.000000 0.000000 -0.873061 -0.118599 0.472968
-0.27679196 -0.17250711 0.37151814 228 229 196 0.000000 2.000000 0.000000 -0.723865 -0.686299 0.070797
-0.27818850 -0.17085603 0.37247056 234 237 205 0.000000 2.000000 0.000000 -0.883645 -0.265543 0.385563
-0.26728746 -0.17044498 0.37580159 233 230 197 0.000000 2.000000 0.000000 -0.248650 0.391586 0.885908
-0.27360189 -0.17344621 0.37246487 234 236 205 0.000000 1.000000 0.000000 -0.307236 -0.542837 0.781622
-0.27883369 -0.17072743 0.37176910 233 234 203 0.000000 1.000000 0.000000 -0.600067 -0.328338 0.729461
-0.27763081 -0.16971035 0.37270480 228 229 197 0.000000 2.000000 0.000000 -0.526889 0.644724 0.553823
-0.27326176 -0.17153679 0.37342989 227 227 192 0.000000 2.000000 0.000000 -0.140707 -0.363609 0.920864
-0.26776403 -0.16974066 0.37539238 225 225 194 0.000000 2.000000 0.000000 -0.160115 0.209581 0.964593
-0.27455282 -0.17274936 0.37234414 232 234 202 0.000000 1.000000 0.000000 -0.339442 -0.456273 0.822554
-0.27635375 -0.17129874 0.37333876 230 232 200 0.000000 2.000000 0.000000 -0.136777 -0.692906 0.707936
-0.27626276 -0.17034528 0.37386936 236 237 205 0.000000 2.000000 0.000000 -0.050353 -0.326651 0.943803
-0.27109963 -0.16993155 0.37417707 229 230 197 0.000000 2.000000 0.000000 -0.236101 -0.008305 0.971693
-0.27061334 -0.17252131 0.37384099 224 228 195 0.000000 1.000000 0.000000 -0.398147 -0.539055 0.742225
-0.27234653 -0.17055191 0.37389174 227 228 192 0.000000 2.000000 0.000000 -0.099406 -0.264653 0.959206
-0.27568480 -0.17051183 0.37374672 229 229 198 0.000000 2.000000 0.000000 -0.023912 -0.318402 0.947654
-0.27385998 -0.17005801 0.37390938 232 232 198 0.000000 2.000000 0.000000 -0.052578 -0.228654 0.972087
-0.26773322 -0.17047967 0.37542391 230 229 197 0.000000 2.000000 0.000000 -0.219858 0.149607 0.963992
-0.27402094 -0.17081848 0.37362504 231 231 197 0.000000 2.000000 0.000000 -0.065481 -0.378184 0.923412
-0.26874921 -0.17053255 0.37517673 228 229 196 0.000000 2.000000 0.000000 -0.353869 -0.118867 0.927711
-0.27655068 -0.17235534 0.37049386 235 235 202 0.000000 1.000000 0.000000 -0.599710 -0.692227 0.401459
-0.26866385 -0.17109506 0.37494630 227 228 194 0.000000 2.000000 0.000000 -0.262985 -0.262985 0.928266
-0.27468422 -0.17008944 0.37397811 232 232 199 0.000000 2.000000 0.000000 -0.023228 -0.262840 0.964560
-0.27719340 -0.17096066 0.37339172 230 231 199 0.000000 2.000000 0.000000 -0.234203 -0.563017 0.792566
-0.27469271 -0.17236337 0.37283656 229 231 196 0.000000 2.000000 0.000000 -0.274401 -0.345597 0.897366
-0.27471864 -0.17256710 0.37243238 232 234 201 0.000000 1.000000 0.000000 -0.351660 -0.469410 0.809932
-0.27116472 -0.17068127 0.37405065 226 227 194 0.000000 2.000000 0.000000 -0.352482 -0.053724 0.934275
-0.27865735 -0.17033647 0.37206921 234 236 205 0.000000 1.000000 0.000000 -0.793635 -0.415406 0.444501
-0.27470040 -0.17217863 0.37282866 231 233 200 0.000000 2.000000 0.000000 -0.387642 -0.501178 0.773663
-0.27025294 -0.17192413 0.37444910 230 232 199 0.000000 2.000000 0.000000 -0.406444 -0.016990 0.913518
-0.27763915 -0.17099535 0.37301406 228 229 196 0.000000 2.000000 0.000000 -0.505944 -0.566455 0.650499
-0.27729982 -0.17154463 0.37284538 232 232 200 0.000000 2.000000 0.000000 -0.308365 -0.708755 0.634489
-0.27725282 -0.17019445 0.37402636 227 226 195 0.000000 1.000000 0.000000 -0.189940 -0.437305 0.879026
-0.27317643 -0.17209929 0.37319943 229 229 195 0.000000 2.000000 0.000000 -0.142594 -0.267863 0.952846
-0.27858740 -0.17052945 0.37182301 233 235 204 0.000000 1.000000 0.000000 -0.742880 -0.405058 0.532971
-0.27183649 -0.17222616 0.37326217 229 230 196 0.000000 2.000000 0.000000 -0.180712 -0.323601 0.928776
-0.27460942 -0.17122516 0.37335926 227 227 193 0.000000 2.000000 0.000000 -0.103765 -0.484710 0.868498
-0.27318898 -0.17097181 0.37356418 227 227 192 0.000000 2.000000 0.000000 -0.110442 -0.418001 0.901708
-0.27061334 -0.17252131 0.37384099 225 228 195 0.000000 1.000000 0.000000 -0.398147 -0.539055 0.742225
-0.27018017 -0.17135914 0.37458342 228 230 197 0.000000 2.000000 0.000000 -0.412755 -0.017034 0.910683
-0.27078402 -0.17139632 0.37430188 227 228 195 0.000000 2.000000 0.000000 -0.435412 -0.044485 0.899132
-0.27293986 -0.17001586 0.37399861 228 229 195 0.000000 2.000000 0.000000 -0.045844 -0.172798 0.983890
-0.27425748 -0.17290191 0.37282583 233 234 202 0.000000 2.000000 0.000000 -0.325963 -0.504050 0.799801
-0.27113390 -0.17142028 0.37408215 227 228 195 0.000000 2.000000 0.000000 -0.438765 -0.075649 0.895412
-0.27376977 -0.17156324 0.37330630 230 230 196 0.000000 2.000000 0.000000 -0.123124 -0.372140 0.919974
-0.27726081 -0.17198755 0.37111682 227 227 192 0.000000 2.000000 0.000000 -0.691713 -0.709718 -0.133541
-0.27617741 -0.17090778 0.37363890 230 231 198 0.000000 2.000000 0.000000 -0.051074 -0.498313 0.865491
-0.27732307 -0.17197931 0.37137091 227 228 193 0.000000 2.000000 0.000000 -0.695851 -0.713356 -0.083152
-0.27137673 -0.16939051 0.37409163 229 230 197 0.000000 2.000000 0.000000 -0.118737 -0.048626 0.991734
-0.27598581 -0.17187524 0.37250397 228 229 197 0.000000 2.000000 0.000000 -0.251749 -0.555098 0.792773
-0.27042928 -0.17231509 0.37414899 226 228 195 0.000000 2.000000 0.000000 -0.414740 -0.370585 0.831058
-0.27748385 -0.17175084 0.37253737 227 228 193 0.000000 2.000000 0.000000 -0.487185 -0.713319 0.503813
-0.27405536 -0.17329614 0.37207931 233 235 204 0.000000 1.000000 0.000000 -0.314607 -0.601786 0.734082
-0.27148378 -0.17144424 0.37386242 225 226 192 0.000000 2.000000 0.000000 -0.366095 -0.206923 0.907280
-0.26931110 -0.16926575 0.37499800 226 228 195 0.000000 2.000000 0.000000 -0.389198 0.094227 0.916322
-0.27569613 -0.17354374 0.37222463 235 236 205 0.000000 1.000000 0.000000 -0.146916 -0.322665 0.935042
-0.27634904 -0.17323039 0.37151530 234 235 203 0.000000 2.000000 0.000000 -0.894175 -0.099043 0.436625
-0.27379367 -0.17346767 0.37214896 234 235 205 0.000000 1.000000 0.000000 -0.307964 -0.649788 0.694934
-0.26941815 -0.17131947 0.37476879 230 230 197 0.000000 2.000000 0.000000 -0.362971 -0.125591 0.923298
-0.27815989 -0.17088325 0.37180442 234 236 203 0.000000 1.000000 0.000000 -0.615908 -0.464868 0.636047
-0.27755111 -0.17178880 0.37171328 225 226 189 0.000000 1.000000 0.000000 -0.674394 -0.730471 0.107726
-0.27636945 -0.17290710 0.37042135 235 236 202 0.000000 1.000000 0.000000 -0.668663 0.467561 0.578167
-0.27639255 -0.17235285 0.37039772 235 236 202 0.000000 1.000000 0.000000 -0.523712 -0.658429 0.540552
-0.27662614 -0.17268936 0.37142986 230 231 198 0.000000 2.000000 0.000000 -0.871063 -0.486401 0.068291
-0.27008364 -0.16987865 0.37442422 226 228 195 0.000000 2.000000 0.000000 -0.439147 0.019901 0.898195
-0.27613136 -0.17300521 0.37223536 234 234 203 0.000000 2.000000 0.000000 -0.529355 -0.208996 0.822255
-0.26893044 -0.16998079 0.37524927 226 228 195 0.000000 2.000000 0.000000 -0.345974 0.034726 0.937601
-0.26923692 -0.17187123 0.37469628 229 232 197 0.000000 1.000000 0.000000 -0.267192 -0.193200 0.944077
-0.27146837 -0.17181373 0.37387818 221 224 190 0.000000 2.000000 0.000000 -0.422819 -0.259147 0.868370
-0.27252775 -0.17000014 0.37396425 230 231 198 0.000000 2.000000 0.000000 -0.044434 -0.133302 0.990079
-0.26772487 -0.16919465 0.37511465 223 223 190 0.000000 2.000000 0.000000 -0.119822 0.233202 0.965018
-0.26941815 -0.17131947 0.37476879 232 231 199 0.000000 2.000000 0.000000 -0.385204 -0.102812 0.917086
-0.27614674 -0.17263570 0.37221959 232 233 201 0.000000 2.000000 0.000000 -0.503802 -0.261977 0.823135
-0.27729982 -0.17154463 0.37284538 232 233 200 0.000000 2.000000 0.000000 -0.290355 -0.717066 0.633649
-0.27547011 -0.17203353 0.37263542 228 230 198 0.000000 2.000000 0.000000 -0.281464 -0.583600 0.761701
-0.27264816 -0.17338507 0.37296611 233 236 205 0.000000 1.000000 0.000000 -0.325146 -0.044981 0.944593
-0.27401888 -0.17251919 0.37287188 231 232 199 0.000000 2.000000 0.000000 -0.294659 -0.436590 0.850038
-0.27643940 -0.17271410 0.37066758 234 235 202 0.000000 1.000000 0.000000 -0.898848 -0.137738 0.416054
-0.27270898 -0.16944838 0.37403676 234 235 202 0.000000 2.000000 0.000000 -0.020302 -0.075864 0.996911
-0.26963019 -0.17002870 0.37480977 226 228 195 0.000000 2.000000 0.000000 -0.520018 0.014935 0.854025
-0.27693656 -0.17018947 0.37383404 232 233 201 0.000000 2.000000 0.000000 -0.141141 -0.370322 0.918118
-0.27310082 -0.17077632 0.37371424 229 229 194 0.000000 2.000000 0.000000 -0.090440 -0.363110 0.927347
-0.27712926 -0.17365855 0.37093365 235 236 204 0.000000 1.000000 0.000000 -0.475710 0.626995 0.616910
-0.27757972 -0.17176157 0.37237942 226 227 192 0.000000 2.000000 0.000000 -0.570376 -0.724887 0.386278
-0.27167270 -0.17070772 0.37392706 226 227 192 0.000000 2.000000 0.000000 -0.244382 -0.184974 0.951873
-0.27648625 -0.17307536 0.37093744 234 235 202 0.000000 1.000000 0.000000 -0.877444 0.273352 0.394170
-0.26928800 -0.16982000 0.37502164 226 228 194 0.000000 2.000000 0.000000 -0.442336 0.019925 0.896628
-0.27325201 -0.17342225 0.37268460 233 236 204 0.000000 1.000000 0.000000 -0.311293 -0.397167 0.863340
-0.27713695 -0.17347379 0.37092575 234 235 203 0.000000 1.000000 0.000000 -0.503151 0.594021 0.627677
-0.27621388 -0.17168473 0.37284634 228 230 198 0.000000 2.000000 0.000000 -0.162925 -0.717172 0.677583
-0.27316386 -0.17322676 0.37283465 233 234 203 0.000000 2.000000 0.000000 -0.264609 -0.353305 0.897306
-0.27005285 -0.17061765 0.37445575 227 228 195 0.000000 2.000000 0.000000 -0.438291 -0.003925 0.898824
