-0.25345427 0.62619126 0.40440586 91 92 34 0.000000 1.000000 1.000000 0.688216 -0.487277 0.537512
-0.26326764 0.62862313 0.40558198 152 160 103 0.000000 2.000000 1.000000 0.551857 -0.729769 0.403597
-0.25648189 0.62741530 0.40415552 95 97 37 0.000000 1.000000 1.000000 0.826289 -0.558918 -0.069687
-0.25688884 0.63523793 0.40498149 96 96 32 0.000000 1.000000 1.000000 0.780992 0.204876 0.589980
-0.26320571 0.64063692 0.40790239 91 91 31 0.000000 1.000000 1.000000 0.554875 0.729405 -0.400103
-0.25930783 0.63930273 0.40957329 88 88 30 0.000000 2.000000 1.000000 0.990578 0.116200 -0.072481
-0.27365884 0.63874578 0.39432931 80 80 26 0.000000 1.000000 1.000000 0.773650 0.055566 -0.631173
-0.25641432 0.63962412 0.40601191 97 97 33 0.000000 2.000000 1.000000 0.872953 0.471595 -0.124708
-0.25686064 0.63621324 0.40266135 95 94 32 0.000000 5.000000 1.000000 0.795245 0.320329 -0.514758
-0.25355133 0.62697881 0.40318850 90 90 33 0.000000 2.000000 1.000000 0.888740 0.176002 0.423279
-0.25625703 0.62760562 0.40287301 97 98 37 0.000000 2.000000 1.000000 0.620325 0.337027 0.708245
-0.26259956 0.63281941 0.40671694 92 93 36 0.000000 1.000000 1.000000 0.020430 0.524368 0.851247
-0.26269361 0.62929547 0.40614462 135 142 83 0.000000 3.000000 1.000000 0.446699 -0.746697 0.492853
-0.25899538 0.63305777 0.40613279 109 114 55 0.000000 2.000000 1.000000 0.169280 0.060373 0.983717
-0.25345382 0.62613928 0.40229067 86 86 32 0.000000 1.000000 1.000000 0.681267 -0.632019 0.369362
-0.26756972 0.63613486 0.39649126 94 92 35 0.000000 1.000000 1.000000 0.297499 0.631984 -0.715605
-0.26066986 0.63339144 0.39933553 94 92 32 0.000000 1.000000 1.000000 0.353271 0.571420 -0.740729
-0.25990117 0.63615310 0.40050578 95 94 35 0.000000 1.000000 1.000000 0.499995 0.453791 -0.737617
-0.25915685 0.62980753 0.40012276 96 96 36 0.000000 1.000000 1.000000 0.466097 0.549627 -0.693299
-0.26003167 0.62695223 0.40382671 115 118 61 0.000000 1.000000 1.000000 -0.092647 -0.118448 0.988629
-0.26307604 0.64007366 0.40138713 94 93 32 0.000000 2.000000 1.000000 0.083177 0.994800 0.058779
-0.26413751 0.63373095 0.39788884 94 92 31 0.000000 1.000000 1.000000 0.353271 0.571420 -0.740729
-0.26256317 0.62973022 0.40669304 143 151 92 0.000000 2.000000 1.000000 0.426925 -0.760614 0.489083
-0.26100540 0.64024132 0.40230191 99 97 36 0.000000 1.000000 1.000000 0.439879 0.472584 -0.763656
-0.27362448 0.63853097 0.39387536 82 85 30 0.000000 2.000000 1.000000 0.620638 0.637367 -0.456696
-0.25624287 0.63860202 0.40585735 100 101 33 0.000000 1.000000 1.000000 0.999298 0.037461 0.001012
-0.25663835 0.63561344 0.40277597 94 93 32 0.000000 4.000000 1.000000 0.761685 0.309484 -0.569259
-0.25588921 0.63328332 0.40644738 109 117 60 0.000000 1.000000 1.000000 0.020971 0.647303 0.761944
-0.26937631 0.63995808 0.39789444 96 94 33 0.000000 1.000000 1.000000 0.252487 0.869343 -0.424844
-0.25310093 0.63340712 0.40352976 97 95 34 0.000000 1.000000 1.000000 0.915272 -0.322442 -0.241470
-0.26006499 0.63449597 0.40062633 97 97 33 0.000000 1.000000 1.000000 0.584768 -0.128797 -0.800910
-0.26064658 0.64021939 0.40038571 94 93 32 0.000000 1.000000 1.000000 -0.195806 0.732346 0.652173
-0.25915685 0.62980753 0.40012276 96 96 36 0.000000 1.000000 1.000000 0.466097 0.549627 -0.693299
-0.25926471 0.63868791 0.40958840 89 89 31 0.000000 1.000000 1.000000 0.926058 -0.370156 0.073497
-0.26292366 0.62885809 0.40577593 139 146 89 0.000000 3.000000 1.000000 0.513425 -0.697388 0.500045
-0.25345382 0.62613928 0.40229067 86 86 32 0.000000 1.000000 1.000000 0.681267 -0.632019 0.369362
-0.25649372 0.62841040 0.40275335 96 96 34 0.000000 2.000000 1.000000 0.832864 -0.069524 0.549094
-0.25974014 0.63945532 0.40863100 88 89 29 0.000000 2.000000 1.000000 0.863596 0.240476 -0.443141
-0.25944218 0.62969887 0.40489745 126 137 80 0.000000 3.000000 1.000000 0.195896 -0.726510 0.658641
-0.27042022 0.63653183 0.39562234 91 90 33 0.000000 2.000000 1.000000 0.463253 0.587010 -0.663940
-0.25648826 0.63980675 0.40526864 93 93 30 0.000000 2.000000 1.000000 0.731304 0.550532 -0.402628
-0.25648835 0.63609034 0.40498060 96 96 31 0.000000 2.000000 1.000000 0.934313 0.323363 0.149985
-0.25658303 0.63023508 0.40179002 97 97 37 0.000000 1.000000 1.000000 0.522988 -0.086927 -0.847896
-0.26330203 0.62883794 0.40603593 153 161 105 0.000000 2.000000 1.000000 0.549650 -0.566562 0.613916
-0.25431821 0.63254416 0.40542760 100 104 38 0.000000 1.000000 1.000000 0.541671 -0.615919 0.572045
-0.26250815 0.63183677 0.40839836 94 95 36 0.000000 1.000000 1.000000 0.441498 0.674742 0.591441
-0.26264486 0.62887567 0.40569571 135 142 84 0.000000 3.000000 1.000000 0.515963 -0.725003 0.456238
-0.25976965 0.63886714 0.40155724 92 90 30 0.000000 1.000000 1.000000 0.303379 0.746410 -0.592312
-0.26756972 0.63613486 0.39649126 94 92 35 0.000000 1.000000 1.000000 0.297499 0.631984 -0.715605
-0.26018837 0.63758558 0.40929583 91 91 33 0.000000 1.000000 1.000000 0.689308 -0.713232 0.127096
-0.26043916 0.63111037 0.40647987 118 125 65 0.000000 3.000000 1.000000 0.381927 -0.472171 0.794472
-0.26066986 0.63339144 0.39933553 94 92 32 0.000000 1.000000 1.000000 0.353271 0.571420 -0.740729
-0.25648189 0.62741530 0.40415552 95 97 37 0.000000 1.000000 1.000000 0.828419 -0.553710 -0.084416
-0.26655346 0.62843454 0.40728310 159 167 105 0.000000 1.000000 1.000000 0.411839 -0.476951 0.776470
-0.26309040 0.64027858 0.40138209 94 93 32 0.000000 2.000000 1.000000 0.129903 0.989792 -0.058629
-0.26325595 0.63401091 0.39838132 94 94 31 0.000000 2.000000 1.000000 0.583342 0.043575 -0.811057
-0.26121423 0.64074016 0.40642273 92 91 34 0.000000 1.000000 1.000000 0.780714 -0.616661 -0.101068
-0.25692019 0.63114125 0.40608051 116 126 70 0.000000 2.000000 1.000000 0.142298 -0.765414 0.627609
-0.25739446 0.63790441 0.40591419 92 93 32 0.000000 1.000000 1.000000 0.510445 0.684499 0.520487
-0.26637405 0.63106400 0.39637655 95 95 35 0.000000 1.000000 1.000000 0.425724 0.551619 -0.717270
-0.26134795 0.63851720 0.40020776 92 91 34 0.000000 1.000000 1.000000 0.303379 0.746410 -0.592312
-0.27169764 0.63703167 0.39445171 87 88 26 0.000000 1.000000 1.000000 0.857720 0.300279 0.417311
-0.25734773 0.64035898 0.40503523 92 92 30 0.000000 1.000000 1.000000 0.684419 0.587835 -0.431301
-0.25982830 0.62864155 0.40490338 114 117 59 0.000000 2.000000 1.000000 0.183077 -0.483741 0.855849
-0.25642329 0.62887484 0.40467873 86 93 36 0.000000 1.000000 1.000000 0.167552 0.447290 0.878554
-0.25643086 0.63527054 0.40500075 96 96 32 0.000000 3.000000 1.000000 0.890007 0.431388 0.147618
-0.26250815 0.63183677 0.40839836 93 95 37 0.000000 1.000000 1.000000 0.441498 0.674742 0.591441
-0.26282406 0.62886065 0.40559620 144 151 94 0.000000 3.000000 1.000000 0.572850 -0.695723 0.433374
-0.25976965 0.63886714 0.40155724 92 90 31 0.000000 1.000000 1.000000 0.303379 0.746410 -0.592312
-0.27362448 0.63853097 0.39387536 83 87 32 0.000000 1.000000 1.000000 0.529571 0.766015 -0.364384
-0.25567463 0.63164634 0.40630797 121 126 63 0.000000 2.000000 1.000000 0.234667 -0.461764 0.855398
-0.25764033 0.63916117 0.40744066 98 98 36 0.000000 1.000000 1.000000 0.113763 0.048434 0.992327
-0.25770819 0.63948685 0.40411815 93 93 29 0.000000 3.000000 1.000000 0.743326 0.275365 -0.609623
-0.25364220 0.62657624 0.40383729 94 95 35 0.000000 3.000000 1.000000 0.551570 -0.484510 0.678985
-0.26863262 0.63128126 0.39489320 96 96 38 0.000000 1.000000 1.000000 0.437525 0.700373 -0.563958
-0.27243793 0.63762856 0.39569479 88 87 28 0.000000 2.000000 1.000000 0.649546 0.230080 0.724674
-0.25572494 0.63488847 0.40421161 96 96 31 0.000000 3.000000 1.000000 0.777500 0.628881 0.001376
-0.25962138 0.63473350 0.40064055 97 94 32 0.000000 2.000000 1.000000 0.499582 0.358221 -0.788730
-0.26233238 0.63139683 0.39838585 94 94 33 0.000000 2.000000 1.000000 0.488538 -0.059510 -0.870511
-0.26053649 0.63938284 0.40795374 88 88 28 0.000000 2.000000 1.000000 0.495288 0.673256 -0.549014
-0.25700396 0.62944460 0.40436509 107 110 46 0.000000 2.000000 1.000000 0.657202 -0.311646 0.686267
-0.27055064 0.63609701 0.39507392 88 89 31 0.000000 2.000000 1.000000 0.494917 0.372397 -0.785097
-0.25598380 0.63114458 0.40354484 100 102 35 0.000000 2.000000 1.000000 0.628126 -0.754059 0.191970
-0.26363823 0.63335663 0.40638405 95 95 37 0.000000 1.000000 1.000000 -0.022934 0.245027 0.969245
-0.26460528 0.64035398 0.40876761 90 91 33 0.000000 1.000000 1.000000 -0.134348 0.871094 0.472384
-0.26159430 0.63105989 0.40771881 112 116 57 0.000000 2.000000 1.000000 0.847215 0.158206 0.507146
-0.25913459 0.63807267 0.40095791 92 91 34 0.000000 1.000000 1.000000 0.303379 0.746410 -0.592312
-0.25641531 0.64106131 0.40579689 100 99 33 0.000000 1.000000 1.000000 0.979828 -0.174926 0.096637
-0.25613725 0.63503116 0.40281034 97 94 31 0.000000 4.000000 1.000000 0.635655 0.507512 -0.581700
-0.26233378 0.62783635 0.40444344 152 159 104 0.000000 1.000000 1.000000 0.404961 0.184337 0.895559
-0.25694758 0.62634557 0.40388221 90 96 36 0.000000 2.000000 1.000000 0.250361 -0.603070 0.757381
-0.25855199 0.63091207 0.40141356 96 96 34 0.000000 1.000000 1.000000 0.628757 -0.132920 -0.766157
-0.26271841 0.63405597 0.39867982 95 95 31 0.000000 1.000000 1.000000 0.621569 -0.148996 -0.769060
-0.26351914 0.62968481 0.40757248 148 157 97 0.000000 1.000000 1.000000 0.467437 -0.776891 0.421834
-0.25345382 0.62613928 0.40229067 86 86 32 0.000000 1.000000 1.000000 0.681267 -0.632019 0.369362
-0.26178870 0.64011985 0.40797529 89 89 29 0.000000 2.000000 1.000000 0.345382 0.907902 -0.237541
-0.25214875 0.63653481 0.41068110 97 97 35 0.000000 1.000000 1.000000 0.482418 0.202886 -0.852121
-0.25639814 0.63416159 0.40171352 100 95 31 0.000000 1.000000 1.000000 0.498713 0.565880 -0.656555
-0.26211008 0.63079703 0.39850047 96 95 33 0.000000 1.000000 1.000000 0.470638 0.185583 -0.862589
-0.26756972 0.63613486 0.39649126 94 92 35 0.000000 1.000000 1.000000 0.297499 0.631984 -0.715605
-0.27506152 0.63905793 0.39426145 83 83 26 0.000000 1.000000 1.000000 0.331639 0.896763 -0.292972
-0.25905535 0.63680387 0.40779781 92 93 35 0.000000 1.000000 1.000000 0.883893 0.466835 -0.028252
-0.27245438 0.63699138 0.39497167 90 89 32 0.000000 1.000000 1.000000 0.752003 0.091993 0.652709
-0.26351914 0.62968481 0.40757248 149 156 97 0.000000 1.000000 1.000000 0.467437 -0.776891 0.421834
-0.25413647 0.63334924 0.40412998 97 96 33 0.000000 1.000000 1.000000 0.680486 -0.067904 0.729608
-0.25848207 0.63647813 0.40129673 97 98 33 0.000000 2.000000 1.000000 0.629196 0.272386 -0.727955
-0.26309040 0.64027858 0.40138209 94 93 32 0.000000 2.000000 1.000000 0.118166 0.992816 -0.018774
-0.26401213 0.62753582 0.40538892 160 169 114 0.000000 2.000000 1.000000 0.877528 -0.310696 0.365258
-0.26442021 0.63812882 0.40155444 98 97 33 0.000000 1.000000 1.000000 -0.254430 0.722202 0.643187
-0.25396192 0.63173205 0.40490854 97 99 33 0.000000 1.000000 1.000000 0.354718 -0.691454 0.629338
-0.25855199 0.63091207 0.40141356 96 96 34 0.000000 1.000000 1.000000 0.628757 -0.132920 -0.766157
-0.26271841 0.63405597 0.39867982 95 95 30 0.000000 1.000000 1.000000 0.621569 -0.148996 -0.769060
-0.26228246 0.63697278 0.39872804 98 98 34 0.000000 1.000000 1.000000 0.567003 0.081821 -0.819642
-0.26863262 0.63128126 0.39489320 96 96 38 0.000000 1.000000 1.000000 0.437525 0.700373 -0.563958
-0.26639637 0.62761736 0.40712351 166 175 114 0.000000 2.000000 1.000000 0.219959 0.253160 0.942087
-0.27267104 0.63778627 0.39439303 84 85 28 0.000000 2.000000 1.000000 0.562928 0.653669 -0.505795
-0.25568494 0.63486874 0.40329364 95 94 31 0.000000 3.000000 1.000000 0.633039 0.568891 -0.525000
-0.26541293 0.63135642 0.39714825 98 96 33 0.000000 1.000000 1.000000 0.449038 0.096522 -0.888284
-0.25598380 0.63114458 0.40354484 100 102 35 0.000000 2.000000 1.000000 0.628153 -0.756535 0.181874
-0.25970241 0.63116056 0.40641889 128 136 79 0.000000 2.000000 1.000000 0.321845 -0.622665 0.713235
-0.25913459 0.63807267 0.40095791 91 90 33 0.000000 1.000000 1.000000 0.303379 0.746410 -0.592312
-0.26498809 0.62750030 0.40672734 163 171 112 0.000000 2.000000 1.000000 0.311657 -0.065952 0.947903
-0.25886604 0.63121331 0.40617815 127 135 78 0.000000 2.000000 1.000000 0.221545 -0.577877 0.785478
-0.25936040 0.63426989 0.40618280 92 93 32 0.000000 1.000000 1.000000 0.130239 -0.341363 0.930865
-0.25940925 0.63097322 0.40634367 123 132 74 0.000000 3.000000 1.000000 0.282414 -0.627054 0.725979
-0.25628579 0.62801552 0.40286294 96 96 35 0.000000 3.000000 1.000000 0.771618 0.204841 0.602201
-0.27292982 0.63775879 0.39401427 83 87 29 0.000000 1.000000 1.000000 0.550500 0.644775 -0.530298
-0.25585383 0.63163137 0.40620846 121 126 65 0.000000 2.000000 1.000000 0.215359 -0.529997 0.820197
-0.26211268 0.63987499 0.40732235 89 89 29 0.000000 2.000000 1.000000 0.720385 0.531595 -0.445480
-0.25919449 0.63676912 0.40678033 96 96 34 0.000000 2.000000 1.000000 0.744661 -0.067696 -0.664001
-0.25540632 0.62745339 0.40263733 95 95 38 0.000000 3.000000 1.000000 0.105483 0.443030 0.890280
-0.27245438 0.63699138 0.39497167 89 89 32 0.000000 1.000000 1.000000 0.752003 0.091993 0.652709
-0.26307604 0.64007366 0.40138713 94 93 32 0.000000 2.000000 1.000000 0.079086 0.994699 0.065719
-0.26478016 0.62710541 0.40683693 171 177 123 0.000000 2.000000 1.000000 0.375306 -0.046090 0.925754
-0.26194039 0.62998277 0.40680677 141 149 92 0.000000 2.000000 1.000000 0.444292 -0.731678 0.516964
-0.25588921 0.63328332 0.40644738 109 117 60 0.000000 1.000000 1.000000 0.020971 0.647303 0.761944
-0.25833970 0.63963431 0.40353537 98 96 35 0.000000 1.000000 1.000000 0.699352 0.563136 -0.440210
-0.26937631 0.63995808 0.39789444 96 94 33 0.000000 1.000000 1.000000 0.252487 0.869343 -0.424844
-0.25915685 0.62980753 0.40012276 96 96 36 0.000000 1.000000 1.000000 0.466097 0.549627 -0.693299
-0.26271841 0.63405597 0.39867982 95 95 31 0.000000 1.000000 1.000000 0.621569 -0.148996 -0.769060
-0.25762594 0.63895619 0.40744570 97 97 35 0.000000 2.000000 1.000000 0.113763 0.048434 0.992327
-0.26349482 0.63025713 0.39725554 94 94 34 0.000000 1.000000 1.000000 0.395006 0.639612 -0.659445
-0.26395330 0.64014465 0.40677622 89 89 30 0.000000 1.000000 1.000000 0.835429 -0.304502 0.457534
-0.26396692 0.62776309 0.40612212 163 169 114 0.000000 2.000000 1.000000 0.690220 -0.226943 0.687090
-0.26442021 0.63812882 0.40155444 98 97 33 0.000000 1.000000 1.000000 -0.254430 0.722202 0.643187
-0.26845345 0.63129628 0.39499268 96 95 36 0.000000 2.000000 1.000000 0.497221 0.460879 -0.735093
-0.26827216 0.63215339 0.39581028 96 96 36 0.000000 1.000000 1.000000 0.454657 0.464505 -0.759949
-0.26101387 0.63315648 0.39914158 94 92 32 0.000000 3.000000 1.000000 0.423938 0.382656 -0.820884
-0.25791246 0.63790148 0.40727189 90 91 32 0.000000 2.000000 1.000000 0.564745 0.248738 0.786888
-0.26056713 0.62774926 0.40424627 97 101 45 0.000000 2.000000 1.000000 0.152330 -0.459892 0.874811
-0.26481771 0.63801461 0.39804301 90 90 29 0.000000 1.000000 1.000000 0.387058 0.132745 -0.912450
-0.27180952 0.63807619 0.39534450 86 85 28 0.000000 2.000000 1.000000 0.881181 0.384105 0.275651
-0.26003540 0.63880056 0.40798813 86 86 26 0.000000 1.000000 1.000000 0.589070 0.471591 -0.656200
-0.26481771 0.63801461 0.39804301 89 89 29 0.000000 1.000000 1.000000 0.387058 0.132745 -0.912450
-0.25456670 0.63434398 0.40390578 97 97 33 0.000000 2.000000 1.000000 0.701093 0.682438 0.206752
-0.26120156 0.63087505 0.40746385 126 133 74 0.000000 3.000000 1.000000 0.695992 -0.383372 0.607142
-0.25913459 0.63807267 0.40095791 91 91 34 0.000000 1.000000 1.000000 0.303379 0.746410 -0.592312
-0.26442021 0.63812882 0.40155444 98 97 33 0.000000 1.000000 1.000000 -0.254430 0.722202 0.643187
-0.25629741 0.63139379 0.40619424 119 127 68 0.000000 2.000000 1.000000 0.185612 -0.627399 0.756253
-0.26391253 0.62753838 0.40520915 160 169 114 0.000000 1.000000 1.000000 0.933747 -0.327703 0.143970
-0.25855199 0.63091207 0.40141356 96 96 34 0.000000 1.000000 1.000000 0.628757 -0.132920 -0.766157
-0.25767070 0.63867694 0.40459731 96 96 34 0.000000 2.000000 1.000000 0.839545 0.518586 -0.161965
-0.25359908 0.62596142 0.40385243 91 91 35 0.000000 2.000000 1.000000 0.877922 -0.417274 0.234810
-0.25357452 0.63745189 0.41013911 97 97 35 0.000000 1.000000 1.000000 0.482418 0.202886 -0.852121
-0.25752735 0.64039594 0.40705094 98 98 35 0.000000 2.000000 1.000000 0.348265 -0.032128 0.936845
-0.25713733 0.63703775 0.40345967 94 93 31 0.000000 4.000000 1.000000 0.903409 0.336391 -0.265881
-0.25441834 0.63392675 0.40327713 97 96 31 0.000000 3.000000 1.000000 0.696640 0.472780 -0.539604
-0.26937631 0.63995808 0.39789444 96 94 33 0.000000 1.000000 1.000000 0.252487 0.869343 -0.424844
-0.26006499 0.63449597 0.40062633 97 97 33 0.000000 1.000000 1.000000 0.584768 -0.128797 -0.800910
-0.26169473 0.63992733 0.40825957 89 89 29 0.000000 2.000000 1.000000 0.364396 0.908830 -0.203083
-0.25769782 0.63998091 0.40742052 99 99 37 0.000000 1.000000 1.000000 0.113763 0.048434 0.992327
-0.25783652 0.63989419 0.40428782 98 97 32 0.000000 1.000000 1.000000 0.795994 0.088444 -0.598808
-0.25437313 0.63415402 0.40401033 97 97 33 0.000000 2.000000 1.000000 0.751322 0.584717 0.305975
-0.26442021 0.63812882 0.40155444 98 97 33 0.000000 1.000000 1.000000 -0.254430 0.722202 0.643187
-0.26119283 0.63047504 0.40793291 114 120 60 0.000000 2.000000 1.000000 0.828536 0.465171 0.311680
-0.26091033 0.63727850 0.40724665 92 91 34 0.000000 1.000000 1.000000 0.503323 0.825450 0.255533
-0.25712678 0.62633055 0.40378270 88 95 36 0.000000 1.000000 1.000000 0.165370 -0.754025 0.635687
-0.26655346 0.62843454 0.40728310 159 167 105 0.000000 1.000000 1.000000 0.411839 -0.476951 0.776470
-0.25697407 0.63503045 0.40516627 96 97 34 0.000000 1.000000 1.000000 0.670932 0.308790 0.674165
-0.26819468 0.63132375 0.39537144 96 94 34 0.000000 1.000000 1.000000 0.494823 -0.034079 -0.868325
-0.26351914 0.62968481 0.40757248 149 157 97 0.000000 1.000000 1.000000 0.467437 -0.776891 0.421834
-0.26391253 0.62753838 0.40520915 160 169 114 0.000000 1.000000 1.000000 0.933747 -0.327703 0.143970
-0.25855199 0.63091207 0.40141356 96 96 34 0.000000 1.000000 1.000000 0.628757 -0.132920 -0.766157
-0.25848207 0.63647813 0.40129673 98 99 33 0.000000 1.000000 1.000000 0.629196 0.272386 -0.727955
-0.26370889 0.64037704 0.40714994 90 90 30 0.000000 1.000000 1.000000 0.949654 -0.052545 0.308862
-0.25740573 0.63751429 0.40684226 91 92 31 0.000000 2.000000 1.000000 0.534500 -0.219007 0.816300
-0.26419619 0.62855500 0.39707759 94 94 34 0.000000 1.000000 1.000000 0.573357 -0.242154 -0.782703
-0.26863262 0.63128126 0.39489320 96 96 38 0.000000 1.000000 1.000000 0.437525 0.700373 -0.563958
-0.25716853 0.64037400 0.40513474 93 93 30 0.000000 2.000000 1.000000 0.720480 0.558908 -0.410525
-0.25359136 0.62699860 0.40410647 88 91 31 0.000000 2.000000 1.000000 0.810930 -0.112507 0.574226
-0.25781286 0.63790405 0.40709215 90 91 32 0.000000 2.000000 1.000000 0.644983 0.434989 0.628317
-0.26481771 0.63801461 0.39804301 90 90 30 0.000000 1.000000 1.000000 0.387058 0.132745 -0.912450
-0.27193993 0.63764137 0.39479607 85 85 27 0.000000 2.000000 1.000000 0.868467 0.483433 0.109806
-0.25464630 0.63433152 0.40362653 97 96 32 0.000000 3.000000 1.000000 0.577103 0.730780 -0.364572
-0.26541293 0.63135642 0.39714825 98 96 33 0.000000 1.000000 1.000000 0.449038 0.096522 -0.888284
-0.25436860 0.63206983 0.40304324 101 102 36 0.000000 1.000000 1.000000 0.628153 -0.756535 0.181874
-0.25763488 0.63697296 0.40224317 96 94 32 0.000000 4.000000 1.000000 0.715874 0.248106 -0.652662
-0.25804016 0.64064008 0.41005981 89 89 30 0.000000 1.000000 1.000000 0.887196 0.307742 0.343770
-0.26091713 0.63108772 0.40691957 123 130 71 0.000000 3.000000 1.000000 0.575612 -0.445474 0.685729
-0.26091033 0.63727850 0.40724665 92 91 34 0.000000 1.000000 1.000000 0.503323 0.825450 0.255533
-0.26121423 0.64074016 0.40642273 92 91 34 0.000000 1.000000 1.000000 0.780714 -0.616661 -0.101068
-0.25234231 0.63672471 0.41057655 96 96 35 0.000000 1.000000 1.000000 0.482418 0.202886 -0.852121
-0.25639814 0.63416159 0.40171352 100 95 31 0.000000 1.000000 1.000000 0.498713 0.565880 -0.656555
-0.26739755 0.62734467 0.40726978 166 171 113 0.000000 1.000000 1.000000 0.513424 -0.287329 0.808603
-0.26637405 0.63106400 0.39637655 95 95 35 0.000000 1.000000 1.000000 0.425724 0.551619 -0.717270
-0.26234674 0.63160175 0.39838082 94 94 33 0.000000 1.000000 1.000000 0.489361 -0.137950 -0.861101
-0.26419619 0.62855500 0.39707759 94 94 34 0.000000 1.000000 1.000000 0.573357 -0.242154 -0.782703
-0.26405290 0.64014208 0.40695596 90 90 30 0.000000 1.000000 1.000000 0.856183 -0.264028 0.444116
-0.25727740 0.63710696 0.40667260 91 93 30 0.000000 2.000000 1.000000 0.608647 0.125876 0.783393
-0.26062816 0.62921613 0.40540823 114 120 61 0.000000 2.000000 1.000000 0.314751 -0.711821 0.627887
-0.26038796 0.62776428 0.40434578 89 92 36 0.000000 1.000000 1.000000 0.163514 -0.556546 0.814567
-0.25816053 0.63964933 0.40363488 97 96 33 0.000000 2.000000 1.000000 0.759850 0.397083 -0.514737
-0.25441834 0.63392675 0.40327713 96 95 31 0.000000 4.000000 1.000000 0.600716 0.553336 -0.577026
-0.26412305 0.63724244 0.39818192 88 89 30 0.000000 1.000000 1.000000 0.387058 0.132745 -0.912450
-0.26349482 0.63025713 0.39725554 94 94 34 0.000000 1.000000 1.000000 0.395006 0.639612 -0.659445
-0.26412305 0.63724244 0.39818192 88 89 30 0.000000 1.000000 1.000000 0.387058 0.132745 -0.912450
-0.25354823 0.62638372 0.40412158 92 93 34 0.000000 3.000000 1.000000 0.637485 -0.482739 0.600480
-0.25747779 0.63615578 0.40208358 95 95 31 0.000000 5.000000 1.000000 0.733197 0.162427 -0.660333
-0.25658303 0.63023508 0.40179002 96 96 37 0.000000 1.000000 1.000000 0.522988 -0.086927 -0.847896
-0.25804016 0.64064008 0.41005981 89 89 31 0.000000 1.000000 1.000000 0.887196 0.307742 0.343770
-0.26091033 0.63727850 0.40724665 92 90 34 0.000000 1.000000 1.000000 0.503323 0.825450 0.255533
-0.26085401 0.63046300 0.40647572 122 130 69 0.000000 3.000000 1.000000 0.520965 -0.467703 0.714038
-0.27179724 0.63702911 0.39463145 87 88 28 0.000000 1.000000 1.000000 0.845121 0.253076 0.470875
-0.26340163 0.62883538 0.40621567 153 161 104 0.000000 2.000000 1.000000 0.533864 -0.550706 0.641648
-0.26436681 0.63934129 0.40042648 94 94 32 0.000000 2.000000 1.000000 -0.007824 0.989191 0.146423
-0.25715944 0.63620555 0.40320057 90 89 30 0.000000 4.000000 1.000000 0.945357 0.266779 -0.187430
-0.25651062 0.62782520 0.40414545 96 97 36 0.000000 2.000000 1.000000 0.894481 -0.442446 -0.064381
-0.25947329 0.63675153 0.40686056 94 95 33 0.000000 3.000000 1.000000 0.731522 -0.668692 -0.133140
-0.25662225 0.64001900 0.40590233 98 97 34 0.000000 2.000000 1.000000 0.917958 0.386006 -0.091387
-0.25658303 0.63023508 0.40179002 97 97 37 0.000000 1.000000 1.000000 0.522988 -0.086927 -0.847896
-0.27271771 0.63904816 0.39556003 82 83 25 0.000000 2.000000 1.000000 0.507845 0.294015 -0.809721
-0.25214875 0.63653481 0.41068110 97 97 35 0.000000 1.000000 1.000000 0.482418 0.202886 -0.852121
-0.26158023 0.62980485 0.39854494 96 96 34 0.000000 1.000000 1.000000 0.522988 -0.086927 -0.847896
-0.26091033 0.63727850 0.40724665 92 91 34 0.000000 1.000000 1.000000 0.503323 0.825450 0.255533
-0.25661796 0.62678546 0.40407112 93 96 36 0.000000 2.000000 1.000000 0.524379 -0.615429 0.588451
-0.26657557 0.62760234 0.40702403 165 173 113 0.000000 2.000000 1.000000 0.316419 0.060701 0.946675
-0.25850275 0.63897526 0.41071960 87 88 29 0.000000 1.000000 1.000000 0.793346 -0.292952 -0.533648
-0.26193058 0.63186204 0.40777889 98 99 42 0.000000 1.000000 1.000000 0.546495 0.522954 0.654112
-0.25905535 0.63680387 0.40779781 92 93 35 0.000000 1.000000 1.000000 0.883893 0.466835 -0.028252
-0.25598770 0.63556004 0.40713018 93 95 32 0.000000 1.000000 1.000000 0.032029 -0.575129 0.817435
-0.25854728 0.63626075 0.40102255 97 97 34 0.000000 3.000000 1.000000 0.635364 0.297576 -0.712573
-0.25941616 0.63970017 0.40928397 88 88 29 0.000000 2.000000 1.000000 0.774424 0.591294 -0.225033
-0.25965247 0.63673651 0.40676105 92 93 33 0.000000 1.000000 1.000000 0.447346 -0.816685 0.364563
-0.26228246 0.63697278 0.39872804 99 99 35 0.000000 1.000000 1.000000 0.567003 0.081821 -0.819642
-0.25712678 0.62633055 0.40378270 88 95 36 0.000000 1.000000 1.000000 0.165370 -0.754025 0.635687
-0.25368741 0.62634897 0.40310410 90 90 34 0.000000 2.000000 1.000000 0.956051 -0.212604 0.201907
-0.27506152 0.63905793 0.39426145 83 83 27 0.000000 1.000000 1.000000 0.331639 0.896763 -0.292972
-0.27100298 0.63625950 0.39459065 89 89 30 0.000000 1.000000 1.000000 0.647802 0.739689 -0.182242
-0.25355133 0.62697881 0.40318850 90 90 33 0.000000 2.000000 1.000000 0.892115 0.175522 0.416320
-0.27121091 0.63665438 0.39448106 88 89 28 0.000000 1.000000 1.000000 0.781407 0.613013 0.116694
-0.26003167 0.62695223 0.40382671 115 118 61 0.000000 1.000000 1.000000 -0.092647 -0.118448 0.988629
-0.26413751 0.63373095 0.39788884 94 92 31 0.000000 1.000000 1.000000 0.353271 0.571420 -0.740729
-0.26286229 0.62867248 0.39805338 97 97 35 0.000000 2.000000 1.000000 0.526218 -0.253019 -0.811835
-0.26863262 0.63128126 0.39489320 95 95 38 0.000000 1.000000 1.000000 0.437525 0.700373 -0.563958
-0.25658303 0.63023508 0.40179002 97 97 37 0.000000 1.000000 1.000000 0.522988 -0.086927 -0.847896
-0.26506135 0.63878024 0.40473297 90 90 29 0.000000 1.000000 1.000000 0.522693 -0.752088 -0.401441
-0.27258939 0.63864082 0.39539036 84 84 26 0.000000 2.000000 1.000000 0.729906 0.576414 -0.367402
-0.25468740 0.63207203 0.40404144 103 103 40 0.000000 1.000000 1.000000 0.628153 -0.756535 0.181874
-0.25784278 0.63231820 0.40629098 120 125 66 0.000000 1.000000 1.000000 0.086922 -0.351699 0.932069
-0.26417327 0.63915133 0.40053102 95 95 31 0.000000 1.000000 1.000000 -0.101515 0.947916 0.301909
-0.25611207 0.63526833 0.40400252 93 93 30 0.000000 3.000000 1.000000 0.805196 0.561658 -0.190264
-0.25866899 0.63542598 0.40094319 95 95 33 0.000000 4.000000 1.000000 0.546915 0.402385 -0.734147
-0.25850275 0.63897526 0.41071960 87 87 30 0.000000 1.000000 1.000000 0.793346 -0.292952 -0.533648
-0.26193058 0.63186204 0.40777889 101 103 46 0.000000 2.000000 1.000000 0.587918 0.460620 0.664967
-0.25598770 0.63556004 0.40713018 92 95 32 0.000000 1.000000 1.000000 0.032029 -0.575129 0.817435
-0.25936252 0.63847739 0.40130734 92 91 32 0.000000 2.000000 1.000000 0.341919 0.740554 -0.578507
-0.26234674 0.63160175 0.39838082 94 94 33 0.000000 1.000000 1.000000 0.489361 -0.137950 -0.861101
-0.26239127 0.62865609 0.40442327 147 154 97 0.000000 1.000000 1.000000 0.526607 -0.343019 0.777832
-0.26341954 0.62968737 0.40739274 148 156 96 0.000000 1.000000 1.000000 0.463600 -0.775920 0.427813
-0.26064658 0.64021939 0.40038571 94 93 32 0.000000 1.000000 1.000000 -0.195806 0.732346 0.652173
-0.26345903 0.63337165 0.40648356 94 94 36 0.000000 1.000000 1.000000 -0.020686 0.261619 0.964949
-0.25971887 0.63052338 0.40569577 110 119 56 0.000000 2.000000 1.000000 0.295395 -0.589193 0.752059
-0.25902414 0.63346767 0.40612271 99 102 42 0.000000 2.000000 1.000000 0.170287 -0.083332 0.981865
-0.25604346 0.62740582 0.40251857 94 95 36 0.000000 2.000000 1.000000 0.443934 0.839581 0.313091
-0.26756972 0.63613486 0.39649126 93 91 34 0.000000 1.000000 1.000000 0.297499 0.631984 -0.715605
-0.26102057 0.63068211 0.39910254 95 94 34 0.000000 2.000000 1.000000 0.563316 0.051977 -0.824605
-0.25895509 0.63913769 0.41023633 87 88 29 0.000000 2.000000 1.000000 0.456092 0.852694 0.254740
-0.25887260 0.63617188 0.40671518 92 92 32 0.000000 1.000000 1.000000 0.300538 -0.612326 0.731255
-0.25808474 0.62915945 0.40423211 89 94 35 0.000000 1.000000 1.000000 0.176279 0.968892 0.173706
-0.26413751 0.63373095 0.39788884 93 92 31 0.000000 1.000000 1.000000 0.353271 0.571420 -0.740729
-0.26212722 0.63264704 0.40674123 92 93 36 0.000000 1.000000 1.000000 0.043656 0.604149 0.795674
-0.26442271 0.63228905 0.40710896 93 94 36 0.000000 1.000000 1.000000 -0.006874 0.801463 0.598004
-0.25906506 0.63864106 0.40711370 91 92 34 0.000000 1.000000 1.000000 0.318631 0.722984 0.613000
-0.26066986 0.63339144 0.39933553 94 92 32 0.000000 1.000000 1.000000 0.353271 0.571420 -0.740729
-0.26211959 0.62996775 0.40670726 142 150 93 0.000000 2.000000 1.000000 0.433513 -0.743400 0.509336
-0.25522330 0.63292104 0.40657622 114 118 58 0.000000 2.000000 1.000000 0.465471 -0.191840 0.864022
-0.25833970 0.63963431 0.40353537 97 95 34 0.000000 2.000000 1.000000 0.696383 0.576718 -0.427137
-0.26937631 0.63995808 0.39789444 96 94 33 0.000000 1.000000 1.000000 0.252487 0.869343 -0.424844
-0.25915685 0.62980753 0.40012276 96 96 36 0.000000 1.000000 1.000000 0.466097 0.549627 -0.693299
-0.25755531 0.63698542 0.40252241 96 95 32 0.000000 6.000000 1.000000 0.749953 0.292626 -0.593246
-0.26863262 0.63128126 0.39489320 96 96 38 0.000000 1.000000 1.000000 0.437525 0.700373 -0.563958
-0.26506135 0.63878024 0.40473297 90 90 30 0.000000 1.000000 1.000000 0.522693 -0.752088 -0.401441
-0.27291337 0.63839597 0.39473739 83 82 26 0.000000 2.000000 1.000000 0.421598 0.756251 -0.500340
-0.25579891 0.63507110 0.40346834 97 95 31 0.000000 3.000000 1.000000 0.717343 0.490989 -0.494317
-0.25935698 0.63495600 0.40055525 99 96 33 0.000000 4.000000 1.000000 0.535241 0.375808 -0.756496
-0.26541293 0.63135642 0.39714825 98 96 33 0.000000 1.000000 1.000000 0.449038 0.096522 -0.888284
-0.25876153 0.63894778 0.41034085 87 88 30 0.000000 1.000000 1.000000 0.871607 -0.337347 -0.355665
-0.26442271 0.63228905 0.40710896 92 94 35 0.000000 1.000000 1.000000 -0.006874 0.801463 0.598004
-0.25869915 0.63227534 0.40699071 102 106 46 0.000000 2.000000 1.000000 0.075967 -0.289705 0.954096
-0.25906506 0.63864106 0.40711370 90 91 34 0.000000 1.000000 1.000000 0.318631 0.722984 0.613000
-0.25598770 0.63556004 0.40713018 93 95 32 0.000000 1.000000 1.000000 0.032029 -0.575129 0.817435
-0.25913459 0.63807267 0.40095791 92 90 34 0.000000 1.000000 1.000000 0.303379 0.746410 -0.592312
-0.25550982 0.63186634 0.40640241 120 124 61 0.000000 1.000000 1.000000 0.304514 -0.497004 0.812563
-0.26419619 0.62855500 0.39707759 94 94 34 0.000000 1.000000 1.000000 0.573357 -0.242154 -0.782703
-0.26756972 0.63613486 0.39649126 94 91 34 0.000000 1.000000 1.000000 0.297499 0.631984 -0.715605
-0.25357452 0.63745189 0.41013911 97 97 35 0.000000 1.000000 1.000000 0.482418 0.202886 -0.852121
-0.25727168 0.64101845 0.40649658 99 98 34 0.000000 1.000000 1.000000 0.670970 -0.165841 0.722700
-0.26827216 0.63215339 0.39581028 96 96 36 0.000000 1.000000 1.000000 0.454657 0.464505 -0.759949
-0.26071566 0.63936782 0.40785423 88 88 28 0.000000 1.000000 1.000000 0.428376 0.750069 -0.503875
-0.26506135 0.63878024 0.40473297 90 90 30 0.000000 1.000000 1.000000 0.522693 -0.752088 -0.401441
-0.25790554 0.62917447 0.40433162 93 98 38 0.000000 2.000000 1.000000 0.328415 0.858813 0.393173
-0.27271771 0.63904816 0.39556003 82 83 25 0.000000 1.000000 1.000000 0.503654 0.275996 -0.818632
-0.25765470 0.63936609 0.40743563 98 98 36 0.000000 1.000000 1.000000 0.113763 0.048434 0.992327
-0.25780779 0.63948429 0.40429789 93 93 29 0.000000 3.000000 1.000000 0.742855 0.300030 -0.598455
-0.25454777 0.63205481 0.40294373 100 101 35 0.000000 2.000000 1.000000 0.631126 -0.763048 0.139417
-0.25413647 0.63334924 0.40412998 97 97 33 0.000000 2.000000 1.000000 0.667208 -0.101628 0.737906
-0.25850275 0.63897526 0.41071960 87 88 30 0.000000 1.000000 1.000000 0.793346 -0.292952 -0.533648
-0.25712678 0.62633055 0.40378270 87 94 36 0.000000 1.000000 1.000000 0.165370 -0.754025 0.635687
-0.25853291 0.63605583 0.40102759 97 97 34 0.000000 3.000000 1.000000 0.632213 0.304041 -0.712647
-0.25599191 0.63387585 0.40569404 101 105 45 0.000000 1.000000 1.000000 0.182292 0.651042 0.736827
-0.26064658 0.64021939 0.40038571 94 92 31 0.000000 1.000000 1.000000 -0.195806 0.732346 0.652173
-0.25915685 0.62980753 0.40012276 96 96 36 0.000000 1.000000 1.000000 0.466097 0.549627 -0.693299
-0.26351914 0.62968481 0.40757248 149 157 97 0.000000 1.000000 1.000000 0.467437 -0.776891 0.421834
-0.26040268 0.63173765 0.40674397 122 130 73 0.000000 3.000000 1.000000 0.409073 -0.233543 0.882109
-0.26016030 0.63484442 0.40668765 91 92 31 0.000000 1.000000 1.000000 0.094463 -0.390174 0.915883
-0.25726211 0.63174838 0.40660462 102 110 48 0.000000 3.000000 1.000000 0.094564 -0.609577 0.787067
-0.25780988 0.63864219 0.40357983 95 94 32 0.000000 2.000000 1.000000 0.865628 0.478641 -0.146939
-0.25383785 0.62592405 0.40301469 90 90 35 0.000000 2.000000 1.000000 0.913986 -0.405492 -0.014342
-0.26134795 0.63851720 0.40020776 91 91 34 0.000000 1.000000 1.000000 0.303379 0.746410 -0.592312
-0.27048752 0.63547230 0.39463007 88 88 30 0.000000 1.000000 1.000000 0.536442 0.516262 -0.667610
-0.26341954 0.62968737 0.40739274 148 156 96 0.000000 1.000000 1.000000 0.463600 -0.775920 0.427813
-0.26064658 0.64021939 0.40038571 93 93 32 0.000000 1.000000 1.000000 -0.195806 0.732346 0.652173
-0.26023251 0.63963759 0.40906569 89 90 29 0.000000 1.000000 1.000000 0.244342 0.965972 0.084823
-0.26395330 0.64014465 0.40677622 90 90 30 0.000000 1.000000 1.000000 0.835429 -0.304502 0.457534
-0.26837385 0.63130873 0.39527193 96 95 35 0.000000 2.000000 1.000000 0.511000 0.197466 -0.836592
-0.26100540 0.64024132 0.40230191 99 97 36 0.000000 1.000000 1.000000 0.439879 0.472584 -0.763656
-0.26110581 0.63047463 0.39928731 96 96 34 0.000000 1.000000 1.000000 0.628757 -0.132920 -0.766157
-0.26506135 0.63878024 0.40473297 90 90 30 0.000000 1.000000 1.000000 0.522693 -0.752088 -0.401441
-0.26481771 0.63801461 0.39804301 90 90 30 0.000000 1.000000 1.000000 0.387058 0.132745 -0.912450
-0.25777638 0.63853133 0.40735629 94 94 34 0.000000 2.000000 1.000000 0.345264 0.188972 0.919284
-0.25468740 0.63207203 0.40404144 104 104 40 0.000000 1.000000 1.000000 0.628153 -0.756535 0.181874
-0.26119304 0.63314146 0.39904207 93 93 32 0.000000 3.000000 1.000000 0.467544 0.178463 -0.865768
-0.25850275 0.63897526 0.41071960 87 88 30 0.000000 1.000000 1.000000 0.793346 -0.292952 -0.533648
-0.26117381 0.63190234 0.40725890 112 118 60 0.000000 3.000000 1.000000 0.557592 -0.099932 0.824078
-0.25866017 0.63874239 0.40170029 97 96 36 0.000000 2.000000 1.000000 0.538552 0.669415 -0.511708
-0.25850415 0.63564593 0.40103766 94 94 32 0.000000 2.000000 1.000000 0.551701 0.410071 -0.726270
-0.26075616 0.63090467 0.39901727 94 92 34 0.000000 1.000000 1.000000 0.410187 0.381680 -0.828292
-0.25613987 0.63052464 0.40391943 97 100 33 0.000000 2.000000 1.000000 0.528901 -0.616770 0.582974
-0.26442021 0.63812882 0.40155444 98 97 33 0.000000 1.000000 1.000000 -0.254430 0.722202 0.643187
-0.26655346 0.62843454 0.40728310 159 167 105 0.000000 1.000000 1.000000 0.411839 -0.476951 0.776470
-0.26306921 0.62763023 0.39815882 93 93 32 0.000000 2.000000 1.000000 0.554421 -0.311562 -0.771716
-0.26637405 0.63106400 0.39637655 94 94 34 0.000000 1.000000 1.000000 0.425724 0.551619 -0.717270
-0.26121885 0.63910794 0.40710178 95 95 34 0.000000 3.000000 1.000000 0.301989 -0.098905 0.948167
-0.26506135 0.63878024 0.40473297 90 90 30 0.000000 1.000000 1.000000 0.522693 -0.752088 -0.401441
-0.25808474 0.62915945 0.40423211 89 93 34 0.000000 1.000000 1.000000 0.176279 0.968892 0.173706
-0.25814614 0.63944435 0.40363991 94 93 31 0.000000 4.000000 1.000000 0.672460 0.565135 -0.477933
-0.25357452 0.63745189 0.41013911 97 97 35 0.000000 1.000000 1.000000 0.482418 0.202886 -0.852121
-0.25723484 0.63787735 0.40435749 93 93 31 0.000000 3.000000 1.000000 0.884454 0.423893 -0.195079
-0.26108858 0.63210982 0.40707412 93 96 38 0.000000 1.000000 1.000000 0.431570 -0.027886 0.901649
-0.26442271 0.63228905 0.40710896 93 94 35 0.000000 1.000000 1.000000 -0.006874 0.801463 0.598004
-0.27506152 0.63905793 0.39426145 83 83 27 0.000000 1.000000 1.000000 0.331639 0.896763 -0.292972
-0.25784278 0.63231820 0.40629098 120 125 66 0.000000 1.000000 1.000000 0.086922 -0.351699 0.932069
-0.25475097 0.63274872 0.40660053 116 119 57 0.000000 1.000000 1.000000 0.541918 -0.589188 0.599318
-0.26417327 0.63915133 0.40053102 95 95 32 0.000000 1.000000 1.000000 -0.101515 0.947916 0.301909
-0.26351914 0.62968481 0.40757248 149 157 96 0.000000 1.000000 1.000000 0.467437 -0.776891 0.421834
-0.26419619 0.62855500 0.39707759 94 94 34 0.000000 1.000000 1.000000 0.573357 -0.242154 -0.782703
-0.25985414 0.63965774 0.40880570 89 89 29 0.000000 2.000000 1.000000 0.463734 0.870416 -0.165306
-0.26506135 0.63878024 0.40473297 90 90 29 0.000000 1.000000 1.000000 0.522693 -0.752088 -0.401441
-0.26481771 0.63801461 0.39804301 90 90 30 0.000000 1.000000 1.000000 0.387058 0.132745 -0.912450
-0.26102528 0.63891804 0.40720633 98 98 37 0.000000 1.000000 1.000000 -0.099581 0.025169 0.994711
-0.26541293 0.63135642 0.39714825 98 96 33 0.000000 1.000000 1.000000 0.449038 0.096522 -0.888284
-0.25466174 0.63225716 0.40311843 99 100 35 0.000000 2.000000 1.000000 0.629880 -0.774909 -0.052608
-0.26320571 0.64063692 0.40790239 91 91 31 0.000000 1.000000 1.000000 0.554875 0.729405 -0.400103
-0.26071566 0.63936782 0.40785423 89 89 29 0.000000 2.000000 1.000000 0.459642 0.725139 -0.512741
-0.26032728 0.63006592 0.40558708 127 136 75 0.000000 2.000000 1.000000 0.318717 -0.694059 0.645524
-0.27042022 0.63653183 0.39562234 91 90 33 0.000000 2.000000 1.000000 0.464727 0.645920 -0.605654
-0.26117381 0.63190234 0.40725890 103 108 49 0.000000 3.000000 1.000000 0.489580 -0.086065 0.867700
-0.26442271 0.63228905 0.40710896 93 94 36 0.000000 1.000000 1.000000 -0.006874 0.801463 0.598004
-0.25764921 0.63212830 0.40639552 115 120 60 0.000000 2.000000 1.000000 0.093160 -0.432431 0.896842
-0.25800344 0.63883209 0.40347528 95 94 32 0.000000 3.000000 1.000000 0.759163 0.646373 -0.076639
-0.26134795 0.63851720 0.40020776 92 91 34 0.000000 1.000000 1.000000 0.303379 0.746410 -0.592312
-0.25658014 0.64084136 0.40570241 100 99 32 0.000000 2.000000 1.000000 0.987525 -0.143746 0.064277
-0.25620857 0.63467073 0.40511537 97 98 35 0.000000 3.000000 1.000000 0.590138 0.603665 0.536028
-0.25639814 0.63416159 0.40171352 99 94 30 0.000000 2.000000 1.000000 0.498017 0.551676 -0.669054
-0.25475097 0.63274872 0.40660053 116 119 57 0.000000 1.000000 1.000000 0.541918 -0.589188 0.599318
-0.26014563 0.62715459 0.40400141 106 109 52 0.000000 2.000000 1.000000 -0.003625 -0.269449 0.963008
-0.26349482 0.63025713 0.39725554 93 93 33 0.000000 1.000000 1.000000 0.395006 0.639612 -0.659445
-0.26612967 0.63129640 0.39675024 96 95 34 0.000000 2.000000 1.000000 0.443399 0.407927 -0.798118
-0.25770217 0.63086385 0.40540829 103 108 49 0.000000 1.000000 1.000000 0.202356 -0.743004 0.637964
-0.26174912 0.64015210 0.40917253 89 90 27 0.000000 1.000000 1.000000 0.482801 0.875498 -0.020173
-0.25536349 0.63432342 0.40534371 98 99 35 0.000000 2.000000 1.000000 0.688449 0.715214 0.120441
-0.25571576 0.63443649 0.40256548 93 91 31 0.000000 3.000000 1.000000 0.441822 0.665234 -0.601878
-0.25214875 0.63653481 0.41068110 97 97 35 0.000000 1.000000 1.000000 0.482418 0.202886 -0.852121
-0.25664753 0.63606542 0.40442210 93 93 30 0.000000 3.000000 1.000000 0.956333 0.288538 -0.046620
-0.25888807 0.63409752 0.40620711 97 99 38 0.000000 2.000000 1.000000 0.232932 -0.310100 0.921727
-0.25532109 0.62766093 0.40245256 97 97 39 0.000000 3.000000 1.000000 0.196344 0.267741 0.943273
-0.27292982 0.63775879 0.39401427 83 87 29 0.000000 1.000000 1.000000 0.551407 0.628975 -0.548034
-0.25868687 0.63122833 0.40627766 128 136 79 0.000000 2.000000 1.000000 0.222664 -0.539001 0.812341
-0.25537583 0.63165402 0.40576872 111 116 51 0.000000 1.000000 1.000000 0.468520 -0.626373 0.623014
-0.26363823 0.63335663 0.40638405 94 94 37 0.000000 1.000000 1.000000 -0.022934 0.245027 0.969245
-0.26036167 0.63028073 0.40604103 116 124 62 0.000000 3.000000 1.000000 0.439219 -0.491859 0.751772
-0.26062599 0.63377464 0.40641433 94 94 34 0.000000 1.000000 1.000000 0.096032 -0.040841 0.994540
-0.25770217 0.63086385 0.40540829 103 108 50 0.000000 1.000000 1.000000 0.202356 -0.743004 0.637964
-0.25652599 0.62946731 0.40392539 99 100 35 0.000000 2.000000 1.000000 0.785791 -0.217675 0.578922
-0.27047107 0.63610947 0.39535317 88 89 32 0.000000 2.000000 1.000000 0.431830 0.284301 -0.855976
-0.26756972 0.63613486 0.39649126 94 91 35 0.000000 1.000000 1.000000 0.297499 0.631984 -0.715605
-0.27169764 0.63703167 0.39445171 87 88 27 0.000000 1.000000 1.000000 0.857720 0.300279 0.417311
-0.26637405 0.63106400 0.39637655 95 95 35 0.000000 1.000000 1.000000 0.425724 0.551619 -0.717270
-0.26174912 0.64015210 0.40917253 89 91 28 0.000000 1.000000 1.000000 0.482801 0.875498 -0.020173
-0.26223749 0.63963526 0.40630990 89 89 30 0.000000 2.000000 1.000000 0.892859 -0.410861 -0.184379
-0.25544870 0.63411593 0.40552852 100 102 40 0.000000 2.000000 1.000000 0.567331 0.760192 0.316613
-0.26250815 0.63183677 0.40839836 94 95 37 0.000000 1.000000 1.000000 0.441498 0.674742 0.591441
-0.25598770 0.63556004 0.40713018 93 94 32 0.000000 1.000000 1.000000 0.032029 -0.575129 0.817435
-0.25976965 0.63886714 0.40155724 92 90 30 0.000000 1.000000 1.000000 0.303379 0.746410 -0.592312
-0.27320653 0.63858336 0.39481261 84 83 26 0.000000 1.000000 1.000000 0.466549 0.852553 -0.235554
-0.26212722 0.63264704 0.40674123 92 93 36 0.000000 1.000000 1.000000 0.026474 0.608891 0.792812
-0.25885934 0.63368762 0.40621719 98 102 41 0.000000 2.000000 1.000000 0.233620 -0.157067 0.959558
-0.25530672 0.62745595 0.40245759 95 96 38 0.000000 3.000000 1.000000 0.271755 0.627738 0.729448
-0.25578099 0.63421911 0.40229127 93 92 29 0.000000 2.000000 1.000000 0.445998 0.400915 -0.800220
-0.25867733 0.62700790 0.40222830 91 91 32 0.000000 1.000000 1.000000 0.816721 -0.467830 0.337789
-0.25934640 0.63783336 0.40859109 91 91 33 0.000000 1.000000 1.000000 0.959953 -0.230441 -0.159334
-0.26180643 0.62977052 0.40617305 140 148 90 0.000000 2.000000 1.000000 0.411030 -0.751644 0.515834
-0.26084903 0.63337642 0.39923602 94 92 32 0.000000 3.000000 1.000000 0.375808 0.535241 -0.756496
-0.25895128 0.63100576 0.40636295 125 134 78 0.000000 1.000000 1.000000 0.233515 -0.647260 0.725621
-0.25833970 0.63963431 0.40353537 98 96 35 0.000000 1.000000 1.000000 0.699352 0.563136 -0.440210
-0.25990117 0.63615310 0.40050578 95 94 35 0.000000 1.000000 1.000000 0.499995 0.453791 -0.737617
-0.26413751 0.63373095 0.39788884 94 92 31 0.000000 1.000000 1.000000 0.353271 0.571420 -0.740729
-0.26221639 0.62832010 0.39864120 93 93 32 0.000000 2.000000 1.000000 0.566870 -0.248298 -0.785497
-0.26205102 0.64073944 0.40877867 89 90 32 0.000000 2.000000 1.000000 -0.066848 0.901772 0.427011
-0.25544307 0.63431102 0.40506446 97 98 34 0.000000 3.000000 1.000000 0.660486 0.683095 0.311672
-0.25586057 0.63420665 0.40201202 94 93 29 0.000000 2.000000 1.000000 0.470136 0.235829 -0.850504
-0.26215202 0.63740754 0.39927647 98 98 36 0.000000 2.000000 1.000000 0.546133 0.090305 -0.832817
-0.26233238 0.63139683 0.39838585 94 94 33 0.000000 2.000000 1.000000 0.486286 -0.034054 -0.873136
-0.26240566 0.62886107 0.40441823 147 154 97 0.000000 1.000000 1.000000 0.527550 -0.387088 0.756210
-0.26460528 0.64035398 0.40876761 90 92 33 0.000000 1.000000 1.000000 -0.134348 0.871094 0.472384
-0.26140076 0.63086993 0.40782332 109 114 54 0.000000 1.000000 1.000000 0.825887 0.423247 0.372521
-0.27255189 0.63783091 0.39586949 88 88 28 0.000000 1.000000 1.000000 0.565044 0.217088 0.795989
-0.27362448 0.63853097 0.39387536 83 87 32 0.000000 1.000000 1.000000 0.529571 0.766015 -0.364384
-0.25517663 0.63165915 0.40540925 107 112 46 0.000000 1.000000 1.000000 0.553531 -0.680626 0.479950
-0.26271841 0.63405597 0.39867982 95 95 31 0.000000 1.000000 1.000000 0.621569 -0.148996 -0.769060
-0.26233378 0.62783635 0.40444344 152 159 104 0.000000 1.000000 1.000000 0.413705 0.178546 0.892731
-0.25977954 0.62822181 0.40445447 139 143 85 0.000000 1.000000 1.000000 0.023240 -0.118415 0.992692
-0.26316881 0.62762767 0.39833856 92 92 31 0.000000 1.000000 1.000000 0.554421 -0.311562 -0.771716
-0.26637405 0.63106400 0.39637655 95 95 34 0.000000 1.000000 1.000000 0.425724 0.551619 -0.717270
-0.26100540 0.64024132 0.40230191 99 97 36 0.000000 1.000000 1.000000 0.439879 0.472584 -0.763656
-0.26491311 0.63969624 0.39965889 95 93 32 0.000000 1.000000 1.000000 0.355275 0.751106 -0.556435
-0.26413751 0.63373095 0.39788884 94 92 31 0.000000 1.000000 1.000000 0.353271 0.571420 -0.740729
-0.26213789 0.63963783 0.40613016 90 89 32 0.000000 2.000000 1.000000 0.804875 -0.582032 -0.115820
-0.25214875 0.63653481 0.41068110 97 97 35 0.000000 1.000000 1.000000 0.482418 0.202886 -0.852121
-0.25526389 0.63432598 0.40516397 97 98 34 0.000000 2.000000 1.000000 0.596412 0.698843 0.394855
-0.25586057 0.63420665 0.40201202 94 93 29 0.000000 2.000000 1.000000 0.473622 0.249839 -0.844549
-0.26239643 0.63717514 0.39890274 98 98 35 0.000000 3.000000 1.000000 0.560430 0.081700 -0.824162
-0.26211008 0.63079703 0.39850047 96 95 34 0.000000 1.000000 1.000000 0.472945 0.185323 -0.861382
-0.26349482 0.63025713 0.39725554 94 94 34 0.000000 1.000000 1.000000 0.395006 0.639612 -0.659445
-0.26460528 0.64035398 0.40876761 90 92 33 0.000000 1.000000 1.000000 -0.134348 0.871094 0.472384
-0.26117843 0.63027012 0.40793797 112 118 57 0.000000 1.000000 1.000000 0.777577 0.584351 0.232182
-0.25905535 0.63680387 0.40779781 92 93 35 0.000000 1.000000 1.000000 0.883893 0.466835 -0.028252
-0.26182398 0.62685406 0.40494689 146 153 98 0.000000 2.000000 1.000000 0.115380 0.087409 0.989468
-0.25867733 0.62700790 0.40222830 91 91 32 0.000000 1.000000 1.000000 0.816721 -0.467830 0.337789
-0.25955614 0.62990123 0.40507215 125 139 84 0.000000 1.000000 1.000000 0.208325 -0.779289 0.591025
-0.26271841 0.63405597 0.39867982 95 95 31 0.000000 1.000000 1.000000 0.621569 -0.148996 -0.769060
-0.26419619 0.62855500 0.39707759 94 94 34 0.000000 1.000000 1.000000 0.573357 -0.242154 -0.782703
-0.26190761 0.63763994 0.39965016 98 100 35 0.000000 3.000000 1.000000 0.539611 0.136741 -0.830736
-0.25732616 0.63752675 0.40712151 90 91 31 0.000000 2.000000 1.000000 0.300538 -0.612326 0.731255
-0.25804016 0.64064008 0.41005981 89 89 30 0.000000 1.000000 1.000000 0.887196 0.307742 0.343770
-0.26062599 0.63377464 0.40641433 94 95 34 0.000000 1.000000 1.000000 0.096032 -0.040841 0.994540
-0.26121423 0.64074016 0.40642273 92 90 33 0.000000 1.000000 1.000000 0.780714 -0.616661 -0.101068
-0.25790137 0.63085872 0.40576777 109 114 56 0.000000 2.000000 1.000000 0.209736 -0.685137 0.697566
-0.25797203 0.63787913 0.40653366 92 93 32 0.000000 1.000000 1.000000 0.604536 0.770668 0.201512
-0.25553659 0.63445151 0.40266499 90 90 32 0.000000 1.000000 1.000000 0.337226 0.797516 -0.500246
-0.25504231 0.62767851 0.40237230 98 98 40 0.000000 2.000000 1.000000 0.224193 0.119143 0.967234
-0.26424572 0.62774551 0.40620235 164 169 113 0.000000 2.000000 1.000000 0.770668 -0.201512 0.604536
-0.25727168 0.64101845 0.40649658 99 98 34 0.000000 1.000000 1.000000 0.670970 -0.165841 0.722700
-0.25920889 0.63697404 0.40677527 99 99 35 0.000000 1.000000 1.000000 0.482418 0.202886 -0.852121
-0.25978622 0.63451356 0.40054607 97 95 32 0.000000 3.000000 1.000000 0.553194 0.137192 -0.821678
-0.25757939 0.63397789 0.40599069 104 109 50 0.000000 1.000000 1.000000 0.234312 0.350740 0.906686
-0.26038796 0.62776428 0.40434578 99 103 46 0.000000 2.000000 1.000000 0.140560 -0.470948 0.870891
-0.26433098 0.63763732 0.39807233 88 89 30 0.000000 1.000000 1.000000 0.387058 0.132745 -0.912450
-0.25622603 0.63547075 0.40417725 92 91 29 0.000000 3.000000 1.000000 0.867552 0.487022 -0.100812
-0.26286229 0.62867248 0.39805338 98 98 36 0.000000 1.000000 1.000000 0.519069 -0.252562 -0.816566
-0.25747979 0.63398045 0.40581095 105 110 51 0.000000 1.000000 1.000000 0.204556 0.419414 0.884448
-0.26100540 0.64024132 0.40230191 99 97 36 0.000000 1.000000 1.000000 0.439879 0.472584 -0.763656
-0.26064658 0.64021939 0.40038571 94 93 32 0.000000 1.000000 1.000000 -0.195806 0.732346 0.652173
-0.26110581 0.63047463 0.39928731 95 95 34 0.000000 2.000000 1.000000 0.628173 -0.126229 -0.767767
-0.26832300 0.63173109 0.39554110 96 95 34 0.000000 2.000000 1.000000 0.489501 0.203331 -0.847966
-0.25722864 0.63668722 0.40622368 91 91 30 0.000000 1.000000 1.000000 0.300538 -0.612326 0.731255
-0.25518429 0.63433844 0.40544322 99 99 35 0.000000 1.000000 1.000000 0.734414 0.678458 -0.018185
-0.25454879 0.63349199 0.40272871 95 93 30 0.000000 3.000000 1.000000 0.497128 0.148112 -0.854943
-0.26197281 0.63742256 0.39937595 99 101 36 0.000000 2.000000 1.000000 0.546997 0.072459 -0.833993
-0.26146427 0.64031273 0.40651307 91 90 33 0.000000 1.000000 1.000000 0.780714 -0.616661 -0.101068
-0.26108405 0.63002563 0.40610704 131 139 80 0.000000 3.000000 1.000000 0.481764 -0.636197 0.602625
-0.26062599 0.63377464 0.40641433 94 95 34 0.000000 1.000000 1.000000 0.096032 -0.040841 0.994540
-0.25770217 0.63086385 0.40540829 103 108 49 0.000000 1.000000 1.000000 0.202356 -0.743004 0.637964
-0.26509231 0.63968122 0.39955938 94 92 31 0.000000 2.000000 1.000000 0.348983 0.779986 -0.519454
-0.25501356 0.62726861 0.40238237 97 97 39 0.000000 2.000000 1.000000 0.296407 0.162546 0.941128
-0.26316881 0.62762767 0.39833856 93 93 32 0.000000 1.000000 1.000000 0.554421 -0.311562 -0.771716
-0.26637405 0.63106400 0.39637655 95 95 35 0.000000 1.000000 1.000000 0.425724 0.551619 -0.717270
-0.26053876 0.63110781 0.40665960 126 134 75 0.000000 3.000000 1.000000 0.411649 -0.523171 0.746216
-0.26032510 0.63462448 0.40659317 91 92 31 0.000000 1.000000 1.000000 0.098826 -0.304383 0.947409
-0.26121423 0.64074016 0.40642273 92 90 34 0.000000 1.000000 1.000000 0.780714 -0.616661 -0.101068
-0.25704855 0.63154858 0.40625018 112 121 64 0.000000 2.000000 1.000000 0.126800 -0.720524 0.681738
-0.25739402 0.63785243 0.40379900 95 94 31 0.000000 2.000000 1.000000 0.891657 0.416107 -0.178331
-0.26134795 0.63851720 0.40020776 92 90 34 0.000000 1.000000 1.000000 0.303379 0.746410 -0.592312
-0.25345382 0.62613928 0.40229067 86 86 32 0.000000 1.000000 1.000000 0.681267 -0.632019 0.369362
-0.25757939 0.63397789 0.40599069 104 109 50 0.000000 1.000000 1.000000 0.242468 0.335389 0.910343
-0.26100540 0.64024132 0.40230191 99 97 36 0.000000 1.000000 1.000000 0.439879 0.472584 -0.763656
-0.25658247 0.62884992 0.40412024 92 95 34 0.000000 2.000000 1.000000 0.616993 0.158397 0.770864
-0.26223075 0.62852502 0.39863616 93 93 33 0.000000 1.000000 1.000000 0.573357 -0.242154 -0.782703
-0.26193088 0.63081199 0.39859998 96 94 34 0.000000 2.000000 1.000000 0.461796 0.207733 -0.862318
-0.25516430 0.63432860 0.40498424 97 98 33 0.000000 2.000000 1.000000 0.600957 0.670874 0.434487
-0.25787157 0.63777775 0.40212351 99 97 34 0.000000 3.000000 1.000000 0.732521 0.169043 -0.659422
-0.26197281 0.63742256 0.39937595 99 100 36 0.000000 2.000000 1.000000 0.546997 0.072459 -0.833993
-0.26250815 0.63183677 0.40839836 94 95 37 0.000000 1.000000 1.000000 0.441498 0.674742 0.591441
-0.25598770 0.63556004 0.40713018 92 94 31 0.000000 1.000000 1.000000 0.032029 -0.575129 0.817435
-0.25976965 0.63886714 0.40155724 92 90 31 0.000000 1.000000 1.000000 0.303379 0.746410 -0.592312
-0.27048752 0.63547230 0.39463007 89 88 30 0.000000 1.000000 1.000000 0.536442 0.516262 -0.667610
-0.26134795 0.63851720 0.40020776 92 91 34 0.000000 1.000000 1.000000 0.303379 0.746410 -0.592312
-0.26460528 0.64035398 0.40876761 90 91 33 0.000000 1.000000 1.000000 -0.134348 0.871094 0.472384
-0.25767034 0.63490850 0.40219408 90 90 31 0.000000 1.000000 1.000000 0.673364 0.283101 -0.682961
-0.26234674 0.63160175 0.39838082 94 94 33 0.000000 1.000000 1.000000 0.489361 -0.137950 -0.861101
-0.25658303 0.63023508 0.40179002 96 96 37 0.000000 1.000000 1.000000 0.522988 -0.086927 -0.847896
-0.25639814 0.63416159 0.40171352 99 94 30 0.000000 2.000000 1.000000 0.505282 0.552285 -0.663077
-0.25967494 0.63967270 0.40890521 89 89 30 0.000000 2.000000 1.000000 0.456325 0.869823 -0.187551
-0.27024102 0.63654685 0.39572185 91 90 33 0.000000 2.000000 1.000000 0.467115 0.654631 -0.594358
-0.26401213 0.62753582 0.40538892 160 169 114 0.000000 2.000000 1.000000 0.901153 -0.318141 0.294465
-0.25451949 0.63169688 0.40506902 100 103 37 0.000000 1.000000 1.000000 0.419526 -0.688156 0.591980
-0.26442021 0.63812882 0.40155444 98 97 33 0.000000 1.000000 1.000000 -0.254430 0.722202 0.643187
-0.25855199 0.63091207 0.40141356 96 96 34 0.000000 1.000000 1.000000 0.628757 -0.132920 -0.766157
-0.26819468 0.63132375 0.39537144 96 95 34 0.000000 1.000000 1.000000 0.494823 -0.034079 -0.868325
-0.25598380 0.63114458 0.40354484 100 102 35 0.000000 2.000000 1.000000 0.625087 -0.754735 0.199102
-0.26239127 0.62865609 0.40442327 147 154 97 0.000000 1.000000 1.000000 0.526679 -0.331376 0.782815
-0.26170859 0.63021219 0.39871460 96 95 34 0.000000 3.000000 1.000000 0.538606 0.009497 -0.842504
-0.26171476 0.63993722 0.40871859 89 90 29 0.000000 2.000000 1.000000 0.358444 0.932990 -0.032351
-0.25505030 0.63412619 0.40480953 97 98 33 0.000000 2.000000 1.000000 0.598869 0.642485 0.478089
-0.25374180 0.62657368 0.40401703 98 98 38 0.000000 1.000000 1.000000 0.278913 -0.629547 0.725174
-0.25781408 0.63695794 0.40214366 96 94 31 0.000000 5.000000 1.000000 0.732970 0.233860 -0.638799
-0.26221722 0.63719016 0.39900225 98 99 35 0.000000 3.000000 1.000000 0.553842 0.081574 -0.828616
-0.26655346 0.62843454 0.40728310 158 167 105 0.000000 1.000000 1.000000 0.411839 -0.476951 0.776470
-0.26460528 0.64035398 0.40876761 90 92 33 0.000000 1.000000 1.000000 -0.134348 0.871094 0.472384
-0.26117843 0.63027012 0.40793797 112 118 57 0.000000 1.000000 1.000000 0.777577 0.584351 0.232182
-0.26213789 0.63963783 0.40613016 90 89 32 0.000000 1.000000 1.000000 0.780714 -0.616661 -0.101068
-0.25770217 0.63086385 0.40540829 103 108 50 0.000000 1.000000 1.000000 0.202356 -0.743004 0.637964
-0.26308358 0.62783515 0.39815378 93 93 32 0.000000 2.000000 1.000000 0.550020 -0.307692 -0.776405
-0.26148620 0.63332886 0.39911726 96 94 33 0.000000 2.000000 1.000000 0.510574 0.101543 -0.853817
-0.26398340 0.62712592 0.40539899 150 157 101 0.000000 2.000000 1.000000 0.774851 -0.451860 0.442073
-0.25867733 0.62700790 0.40222830 91 91 32 0.000000 1.000000 1.000000 0.816721 -0.467830 0.337789
-0.26138037 0.62709159 0.40496111 155 162 109 0.000000 1.000000 1.000000 -0.064057 0.429315 0.900880
-0.26100540 0.64024132 0.40230191 99 97 36 0.000000 1.000000 1.000000 0.439879 0.472584 -0.763656
-0.25855199 0.63091207 0.40141356 96 96 34 0.000000 1.000000 1.000000 0.628757 -0.132920 -0.766157
-0.26022103 0.62882638 0.40515831 94 96 39 0.000000 2.000000 1.000000 0.290619 -0.647068 0.704871
-0.25733510 0.63554353 0.40191898 95 96 31 0.000000 4.000000 1.000000 0.683136 0.047064 -0.728773
-0.26075616 0.63090467 0.39901727 95 93 34 0.000000 1.000000 1.000000 0.410187 0.381680 -0.828292
-0.25947329 0.63675153 0.40686056 95 95 33 0.000000 3.000000 1.000000 0.758199 -0.589710 -0.278165
-0.26223749 0.63963526 0.40630990 89 89 30 0.000000 2.000000 1.000000 0.919500 -0.330334 -0.213072
-0.25887260 0.63617188 0.40671518 91 91 32 0.000000 1.000000 1.000000 0.300538 -0.612326 0.731255
-0.26891479 0.63934362 0.39673159 85 84 26 0.000000 1.000000 1.000000 0.228675 0.583355 -0.779362
-0.25553766 0.63217223 0.40216193 98 98 34 0.000000 1.000000 1.000000 0.449038 0.096522 -0.888284
-0.25709632 0.63558084 0.40275669 92 91 31 0.000000 4.000000 1.000000 0.832164 0.274289 -0.481942
-0.26320571 0.64063692 0.40790239 91 91 31 0.000000 1.000000 1.000000 0.554875 0.729405 -0.400103
-0.26442271 0.63228905 0.40710896 93 94 36 0.000000 1.000000 1.000000 -0.006874 0.801463 0.598004
-0.26212722 0.63264704 0.40674123 92 92 36 0.000000 1.000000 1.000000 0.026474 0.608891 0.792812
-0.26180643 0.62977052 0.40617305 139 147 89 0.000000 3.000000 1.000000 0.421584 -0.749665 0.510166
-0.25899538 0.63305777 0.40613279 105 109 50 0.000000 2.000000 1.000000 0.175096 0.043480 0.983591
-0.25967011 0.63010365 0.40524685 121 133 76 0.000000 2.000000 1.000000 0.236824 -0.732429 0.638327
-0.25840494 0.63941693 0.40326115 97 95 34 0.000000 2.000000 1.000000 0.666015 0.649570 -0.366719
-0.25479126 0.62666875 0.40249702 96 96 37 0.000000 1.000000 1.000000 0.382810 0.224406 0.896158
-0.25915685 0.62980753 0.40012276 96 96 36 0.000000 1.000000 1.000000 0.466097 0.549627 -0.693299
-0.26412305 0.63724244 0.39818192 87 88 29 0.000000 1.000000 1.000000 0.387058 0.132745 -0.912450
-0.27313775 0.63815367 0.39390472 83 87 30 0.000000 2.000000 1.000000 0.557819 0.671728 -0.487463
-0.26349482 0.63025713 0.39725554 94 94 34 0.000000 1.000000 1.000000 0.395006 0.639612 -0.659445
-0.25553766 0.63217223 0.40216193 99 98 34 0.000000 1.000000 1.000000 0.449038 0.096522 -0.888284
-0.26541293 0.63135642 0.39714825 98 96 33 0.000000 1.000000 1.000000 0.449038 0.096522 -0.888284
-0.27042022 0.63653183 0.39562234 90 90 33 0.000000 2.000000 1.000000 0.463185 0.522951 -0.715529
-0.26472369 0.62772280 0.40664208 166 171 113 0.000000 1.000000 1.000000 0.430553 0.061119 0.900494
-0.25537583 0.63165402 0.40576872 112 117 52 0.000000 1.000000 1.000000 0.461272 -0.618944 0.635717
-0.25632599 0.63923657 0.40676022 99 99 35 0.000000 2.000000 1.000000 0.878120 0.231084 0.418933
-0.25357452 0.63745189 0.41013911 96 96 35 0.000000 1.000000 1.000000 0.482418 0.202886 -0.852121
-0.25639814 0.63416159 0.40171352 100 94 31 0.000000 1.000000 1.000000 0.498713 0.565880 -0.656555
-0.25988579 0.63451099 0.40072584 96 95 32 0.000000 3.000000 1.000000 0.559583 0.099771 -0.822747
-0.25717527 0.63789964 0.40509573 94 94 33 0.000000 3.000000 1.000000 0.834949 0.530525 -0.146301
-0.25787157 0.63777775 0.40212351 97 95 33 0.000000 3.000000 1.000000 0.764719 0.132671 -0.630558
-0.26349482 0.63025713 0.39725554 93 93 34 0.000000 1.000000 1.000000 0.395006 0.639612 -0.659445
-0.26165110 0.62939245 0.39873478 94 94 34 0.000000 2.000000 1.000000 0.570095 -0.147361 -0.808255
-0.26213789 0.63963783 0.40613016 90 89 32 0.000000 2.000000 1.000000 0.816584 -0.563516 -0.125062
-0.25866231 0.62913418 0.40485159 115 118 58 0.000000 3.000000 1.000000 0.173395 -0.282619 0.943430
-0.26891479 0.63934362 0.39673159 84 83 27 0.000000 1.000000 1.000000 0.228675 0.583355 -0.779362
-0.25214875 0.63653481 0.41068110 97 97 35 0.000000 1.000000 1.000000 0.482418 0.202886 -0.852121
-0.25553766 0.63217223 0.40216193 99 98 34 0.000000 1.000000 1.000000 0.449038 0.096522 -0.888284
-0.25904906 0.63933021 0.40995201 88 88 29 0.000000 2.000000 1.000000 0.380657 0.832392 0.402770
-0.27347967 0.63876081 0.39442882 81 80 26 0.000000 2.000000 1.000000 0.761097 0.291993 -0.579199
-0.25905535 0.63680387 0.40779781 92 92 34 0.000000 1.000000 1.000000 0.883893 0.466835 -0.028252
-0.26254526 0.62887824 0.40551597 143 150 93 0.000000 2.000000 1.000000 0.599290 -0.669402 0.439035
-0.25895330 0.63892978 0.40177551 96 95 34 0.000000 2.000000 1.000000 0.493240 0.687192 -0.533368
-0.25631708 0.62763524 0.40424997 95 97 37 0.000000 1.000000 1.000000 0.826210 -0.526046 -0.201626
-0.27048543 0.63631445 0.39534813 90 90 32 0.000000 2.000000 1.000000 0.523309 0.553597 -0.647826
-0.26177272 0.63227409 0.39894345 98 96 35 0.000000 1.000000 1.000000 0.488578 -0.074197 -0.869360
-0.26204577 0.63616800 0.39884770 99 98 33 0.000000 1.000000 1.000000 0.545388 0.185825 -0.817326
-0.26212722 0.63264704 0.40674123 92 93 36 0.000000 1.000000 1.000000 0.026504 0.604021 0.796527
-0.27050191 0.63567728 0.39462501 89 88 30 0.000000 1.000000 1.000000 0.543396 0.529937 -0.651066
-0.25990117 0.63615310 0.40050578 95 94 35 0.000000 1.000000 1.000000 0.499995 0.453791 -0.737617
-0.26003167 0.62695223 0.40382671 115 118 61 0.000000 1.000000 1.000000 -0.092647 -0.118448 0.988629
-0.26413751 0.63373095 0.39788884 93 91 31 0.000000 1.000000 1.000000 0.353271 0.571420 -0.740729
-0.26223075 0.62852502 0.39863616 93 93 33 0.000000 2.000000 1.000000 0.566517 -0.234367 -0.790019
-0.25866231 0.62913418 0.40485159 108 111 52 0.000000 2.000000 1.000000 0.205929 -0.216697 0.954272
-0.27256626 0.63803589 0.39586446 87 87 27 0.000000 2.000000 1.000000 0.606554 0.242935 0.757017
-0.25553766 0.63217223 0.40216193 99 98 34 0.000000 1.000000 1.000000 0.449038 0.096522 -0.888284
-0.25687209 0.62839025 0.40301335 92 92 31 0.000000 2.000000 1.000000 0.703363 -0.611549 0.362338
-0.26266277 0.62972766 0.40687278 143 151 92 0.000000 2.000000 1.000000 0.425751 -0.768309 0.477950
-0.26250815 0.63183677 0.40839836 94 95 37 0.000000 1.000000 1.000000 0.468045 0.655934 0.592186
-0.25886634 0.63869816 0.40886942 89 89 31 0.000000 1.000000 1.000000 0.989726 0.001108 -0.142973
-0.26254526 0.62887824 0.40551597 147 155 98 0.000000 2.000000 1.000000 0.632522 -0.635860 0.442265
-0.25895330 0.63892978 0.40177551 96 95 35 0.000000 2.000000 1.000000 0.503424 0.687400 -0.523494
-0.27362448 0.63853097 0.39387536 83 87 32 0.000000 1.000000 1.000000 0.529571 0.766015 -0.364384
-0.26006499 0.63449597 0.40062633 97 97 33 0.000000 1.000000 1.000000 0.584768 -0.128797 -0.800910
-0.25652599 0.62946731 0.40392539 100 101 35 0.000000 1.000000 1.000000 0.795159 -0.223880 0.563560
-0.26228154 0.63181913 0.39865503 94 94 33 0.000000 2.000000 1.000000 0.488822 -0.122566 -0.863730
-0.25610024 0.63427329 0.40540469 97 99 37 0.000000 1.000000 1.000000 0.262217 0.653159 0.710370
-0.25517663 0.63165915 0.40540925 106 112 46 0.000000 1.000000 1.000000 0.553531 -0.680626 0.479950
-0.26204577 0.63616800 0.39884770 99 98 33 0.000000 1.000000 1.000000 0.545331 0.192917 -0.815719
-0.25588921 0.63328332 0.40644738 109 117 60 0.000000 1.000000 1.000000 0.020971 0.647303 0.761944
-0.26937631 0.63995808 0.39789444 95 94 33 0.000000 1.000000 1.000000 0.252487 0.869343 -0.424844
-0.25310093 0.63340712 0.40352976 96 95 33 0.000000 1.000000 1.000000 0.915272 -0.322442 -0.241470
-0.26064658 0.64021939 0.40038571 94 93 32 0.000000 1.000000 1.000000 -0.195806 0.732346 0.652173
-0.25915685 0.62980753 0.40012276 95 95 36 0.000000 1.000000 1.000000 0.466097 0.549627 -0.693299
-0.25596943 0.63093966 0.40354988 99 102 35 0.000000 2.000000 1.000000 0.612326 -0.731255 0.300538
-0.26316881 0.62762767 0.39833856 93 93 32 0.000000 1.000000 1.000000 0.554421 -0.311562 -0.771716
-0.26349482 0.63025713 0.39725554 93 93 34 0.000000 1.000000 1.000000 0.395006 0.639612 -0.659445
-0.26147190 0.62940747 0.39883426 94 94 34 0.000000 2.000000 1.000000 0.588334 -0.167879 -0.790999
-0.26116845 0.63958228 0.40948614 90 92 28 0.000000 1.000000 1.000000 0.216882 0.914925 0.340404
-0.25726512 0.63605994 0.40595955 97 97 36 0.000000 2.000000 1.000000 0.814611 -0.159933 0.557522
-0.26891479 0.63934362 0.39673159 85 84 27 0.000000 1.000000 1.000000 0.228675 0.583355 -0.779362
-0.25443482 0.63328958 0.40255401 96 94 30 0.000000 3.000000 1.000000 0.528598 0.120864 -0.840224
-0.26302654 0.64065194 0.40800190 90 90 30 0.000000 1.000000 1.000000 0.690116 0.654560 -0.308694
-0.26412305 0.63724244 0.39818192 88 89 30 0.000000 1.000000 1.000000 0.387058 0.132745 -0.912450
-0.26442271 0.63228905 0.40710896 93 94 36 0.000000 1.000000 1.000000 -0.006874 0.801463 0.598004
-0.27506152 0.63905793 0.39426145 83 83 27 0.000000 1.000000 1.000000 0.331639 0.896763 -0.292972
-0.26116362 0.63001317 0.40582779 139 147 89 0.000000 2.000000 1.000000 0.418808 -0.744001 0.520636
-0.25453177 0.63274395 0.40578204 102 106 40 0.000000 1.000000 1.000000 0.609447 -0.572306 0.548671
-0.25839055 0.63921195 0.40326619 96 95 32 0.000000 2.000000 1.000000 0.511436 0.849480 -0.129680
-0.26501271 0.63969368 0.39983863 95 93 32 0.000000 2.000000 1.000000 0.335059 0.780734 -0.527437
-0.25479126 0.62666875 0.40249702 95 95 38 0.000000 1.000000 1.000000 0.382810 0.224406 0.896158
-0.26204577 0.63616800 0.39884770 99 98 33 0.000000 1.000000 1.000000 0.545331 0.192917 -0.815719
-0.26165110 0.62939245 0.39873478 94 94 34 0.000000 1.000000 1.000000 0.581253 -0.170602 -0.795638
-0.26419619 0.62855500 0.39707759 94 94 34 0.000000 1.000000 1.000000 0.573357 -0.242154 -0.782703
-0.25357452 0.63745189 0.41013911 97 97 35 0.000000 1.000000 1.000000 0.482418 0.202886 -0.852121
-0.25707775 0.63706011 0.40419790 94 94 30 0.000000 3.000000 1.000000 0.883186 0.465630 -0.056315
-0.25759214 0.64012659 0.40466154 94 94 30 0.000000 2.000000 1.000000 0.766490 0.358127 -0.533140
-0.25367093 0.62698615 0.40382722 89 91 32 0.000000 3.000000 1.000000 0.808017 -0.088174 0.582524
-0.25416520 0.63375914 0.40411991 97 97 33 0.000000 2.000000 1.000000 0.792405 0.244416 0.558887
-0.25474134 0.63224471 0.40283918 98 98 35 0.000000 3.000000 1.000000 0.631129 -0.717849 -0.293885
-0.26134795 0.63851720 0.40020776 92 90 33 0.000000 1.000000 1.000000 0.303379 0.746410 -0.592312
-0.25761279 0.63780522 0.40250227 97 97 33 0.000000 4.000000 1.000000 0.868249 0.233238 -0.437886
-0.26396692 0.62776309 0.40612212 163 170 114 0.000000 1.000000 1.000000 0.560102 -0.153841 0.814014
-0.25469658 0.63252401 0.40568760 103 107 41 0.000000 1.000000 1.000000 0.596656 -0.603417 0.529046
-0.25744432 0.63604492 0.40586004 99 99 37 0.000000 1.000000 1.000000 0.869691 -0.062418 0.489635
-0.26177272 0.63227409 0.39894345 98 96 35 0.000000 1.000000 1.000000 0.488578 -0.074197 -0.869360
-0.26204577 0.63616800 0.39884770 99 97 32 0.000000 1.000000 1.000000 0.545331 0.192917 -0.815719
-0.25623202 0.63904411 0.40704450 101 100 36 0.000000 1.000000 1.000000 0.863781 0.150541 0.480853
-0.25645041 0.63522846 0.40334454 91 90 30 0.000000 4.000000 1.000000 0.788705 0.458323 -0.409738
-0.25962138 0.63473350 0.40064055 99 95 32 0.000000 2.000000 1.000000 0.499906 0.380188 -0.778172
-0.26166546 0.62959737 0.39872974 95 95 33 0.000000 3.000000 1.000000 0.543077 -0.117934 -0.831360
-0.26827216 0.63215339 0.39581028 96 96 36 0.000000 1.000000 1.000000 0.454657 0.464505 -0.759949
-0.26891479 0.63934362 0.39673159 85 84 27 0.000000 1.000000 1.000000 0.228675 0.583355 -0.779362
-0.27271771 0.63904816 0.39556003 81 82 25 0.000000 1.000000 1.000000 0.503654 0.275996 -0.818632
-0.25787929 0.63674057 0.40186948 95 94 31 0.000000 4.000000 1.000000 0.712542 0.311838 -0.628523
-0.26135784 0.63292152 0.39894760 95 94 33 0.000000 2.000000 1.000000 0.490513 0.028534 -0.870967
-0.25638539 0.62801296 0.40304267 96 96 35 0.000000 3.000000 1.000000 0.772043 0.020941 0.635225
-0.25859493 0.63895983 0.40197450 99 98 37 0.000000 1.000000 1.000000 0.590736 0.641226 -0.489755
-0.27330047 0.63877583 0.39452830 81 81 26 0.000000 2.000000 1.000000 0.724684 0.449404 -0.522369
-0.26077089 0.62982839 0.40557286 139 149 89 0.000000 1.000000 1.000000 0.326834 -0.755098 0.568336
-0.26100540 0.64024132 0.40230191 99 97 36 0.000000 1.000000 1.000000 0.439879 0.472584 -0.763656
-0.26491311 0.63969624 0.39965889 94 92 31 0.000000 1.000000 1.000000 0.355275 0.751106 -0.556435
-0.26204577 0.63616800 0.39884770 98 98 33 0.000000 1.000000 1.000000 0.545388 0.185825 -0.817326
-0.26018837 0.63758558 0.40929583 91 91 33 0.000000 1.000000 1.000000 0.689308 -0.713232 0.127096
-0.25734773 0.64035898 0.40503523 91 91 30 0.000000 1.000000 1.000000 0.684419 0.587835 -0.431301
-0.25767034 0.63490850 0.40219408 91 90 31 0.000000 1.000000 1.000000 0.673364 0.283101 -0.682961
-0.25605467 0.63073212 0.40373465 98 100 33 0.000000 2.000000 1.000000 0.575022 -0.668903 0.471082
-0.26180154 0.62896752 0.39864534 93 93 33 0.000000 1.000000 1.000000 0.575121 -0.193741 -0.794796
-0.26825780 0.63194847 0.39581531 96 95 35 0.000000 2.000000 1.000000 0.465292 0.432640 -0.772222
-0.26016030 0.63484442 0.40668765 91 92 31 0.000000 1.000000 1.000000 0.094463 -0.390174 0.915883
-0.25598770 0.63556004 0.40713018 92 95 32 0.000000 1.000000 1.000000 0.032029 -0.575129 0.817435
-0.27048752 0.63547230 0.39463007 88 88 30 0.000000 1.000000 1.000000 0.536442 0.516262 -0.667610
-0.25858057 0.63875484 0.40197954 99 98 37 0.000000 2.000000 1.000000 0.611959 0.595101 -0.520924
-0.25777030 0.63867438 0.40477705 96 96 34 0.000000 2.000000 1.000000 0.842065 0.525018 -0.123619
-0.25767034 0.63490850 0.40219408 91 90 30 0.000000 1.000000 1.000000 0.673364 0.283101 -0.682961
-0.25652808 0.62862521 0.40320730 96 96 33 0.000000 2.000000 1.000000 0.846540 -0.111045 0.520615
-0.25727949 0.63626486 0.40595451 96 96 35 0.000000 2.000000 1.000000 0.757017 -0.242935 0.606554
-0.25713944 0.63619566 0.40274158 94 93 32 0.000000 6.000000 1.000000 0.803017 0.305685 -0.511587
-0.25443482 0.63328958 0.40255401 96 94 30 0.000000 3.000000 1.000000 0.514477 0.174475 -0.839567
-0.25424069 0.63171446 0.40498877 99 103 36 0.000000 1.000000 1.000000 0.408715 -0.690016 0.597352
-0.26177272 0.63227409 0.39894345 98 96 35 0.000000 1.000000 1.000000 0.488578 -0.074197 -0.869360
-0.26204577 0.63616800 0.39884770 99 98 33 0.000000 1.000000 1.000000 0.545331 0.192917 -0.815719
-0.25871491 0.64273554 0.40501648 95 95 35 0.000000 1.000000 1.000000 -0.023010 0.867597 0.496736
-0.25997895 0.64446765 0.40363586 90 90 29 0.000000 1.000000 1.000000 0.774549 0.252946 -0.579734
-0.26211572 0.64418650 0.40667728 90 90 28 0.000000 1.000000 1.000000 0.632783 -0.366521 0.682091
-0.26182246 0.64771557 0.40689012 89 87 30 0.000000 1.000000 1.000000 0.143107 0.987784 -0.061664
-0.26211825 0.64339638 0.40807441 90 90 28 0.000000 1.000000 1.000000 0.967509 -0.040569 -0.249561
-0.26251873 0.64254403 0.40807530 90 90 28 0.000000 1.000000 1.000000 0.699671 -0.340865 0.627910
-0.26846346 0.64061832 0.39699987 88 86 29 0.000000 2.000000 1.000000 0.273376 0.838663 -0.471072
-0.25974217 0.64232969 0.40820095 90 90 27 0.000000 1.000000 1.000000 0.089717 -0.514095 0.853028
-0.26208079 0.64763612 0.40439615 88 87 31 0.000000 3.000000 1.000000 0.988305 0.147730 -0.037792
-0.26904768 0.64183515 0.39786834 86 85 27 0.000000 1.000000 1.000000 0.421510 0.543830 -0.725658
-0.27335688 0.64187491 0.39501122 85 84 33 0.000000 1.000000 1.000000 0.533151 0.295843 -0.792607
-0.25793603 0.64360803 0.40475559 94 96 33 0.000000 1.000000 1.000000 0.369941 0.867288 0.333100
-0.27503932 0.64360660 0.39480856 72 74 26 0.000000 1.000000 1.000000 0.230190 0.965769 -0.119596
-0.26148993 0.64517719 0.40327868 90 90 30 0.000000 2.000000 1.000000 0.526242 0.807321 -0.267025
-0.25942746 0.64435971 0.40605462 99 97 34 0.000000 1.000000 1.000000 0.399167 0.878168 -0.263601
-0.26487291 0.64205974 0.40347439 99 99 37 0.000000 1.000000 1.000000 0.593027 -0.207945 -0.777867
-0.27240801 0.64321440 0.39649597 85 85 29 0.000000 1.000000 1.000000 0.230190 0.965769 -0.119596
-0.26193133 0.64444858 0.40842795 87 87 28 0.000000 1.000000 1.000000 0.776613 0.239078 -0.582850
-0.26582652 0.64042121 0.39822325 92 92 32 0.000000 1.000000 1.000000 0.252564 0.959218 -0.126936
-0.26263127 0.64630687 0.40219244 87 86 31 0.000000 1.000000 1.000000 0.758898 -0.139206 0.636157
-0.26145035 0.64520943 0.40447590 95 95 33 0.000000 2.000000 1.000000 0.721124 0.675770 -0.152691
-0.26871595 0.64311719 0.39877534 95 95 35 0.000000 1.000000 1.000000 0.501084 -0.025801 -0.865014
-0.27287471 0.64358181 0.39600763 86 90 35 0.000000 1.000000 1.000000 0.541994 -0.028961 -0.839883
-0.26618534 0.64044315 0.40013945 95 95 33 0.000000 1.000000 1.000000 0.205790 0.963414 0.171710
-0.26067403 0.64529181 0.40561214 95 95 30 0.000000 1.000000 1.000000 0.609549 0.685537 -0.398107
-0.26685122 0.64080542 0.40001059 94 94 32 0.000000 2.000000 1.000000 0.333747 0.873229 -0.355083
-0.25594544 0.64381528 0.40750635 101 98 34 0.000000 1.000000 1.000000 0.233697 0.947086 -0.220030
-0.26201612 0.64418906 0.40649754 89 89 27 0.000000 1.000000 1.000000 0.608180 -0.493619 0.621657
-0.25594544 0.64381528 0.40750635 101 98 34 0.000000 1.000000 1.000000 0.233697 0.947086 -0.220030
-0.26725373 0.64282739 0.39958146 88 87 30 0.000000 1.000000 1.000000 0.469932 0.011981 -0.882621
-0.27240801 0.64321440 0.39649597 85 85 28 0.000000 1.000000 1.000000 0.230190 0.965769 -0.119596
-0.27519849 0.64358169 0.39425007 66 69 25 0.000000 1.000000 1.000000 0.230190 0.965769 -0.119596
-0.25944912 0.64347553 0.40368032 91 91 28 0.000000 1.000000 1.000000 0.711230 0.439338 -0.548758
-0.26203865 0.64340883 0.40835366 90 90 27 0.000000 1.000000 1.000000 0.934495 -0.086651 -0.345270
-0.27162921 0.64037043 0.39594704 81 84 27 0.000000 1.000000 1.000000 0.641578 -0.359349 -0.677677
-0.26725373 0.64282739 0.39958146 88 87 30 0.000000 1.000000 1.000000 0.469932 0.011981 -0.882621
-0.27335688 0.64187491 0.39501122 85 84 33 0.000000 1.000000 1.000000 0.533151 0.295843 -0.792607
-0.26273087 0.64630431 0.40237218 87 86 31 0.000000 1.000000 1.000000 0.830838 -0.087532 0.549587
-0.26898709 0.64042032 0.39882159 91 91 30 0.000000 1.000000 1.000000 0.475318 -0.067903 -0.877190
-0.27278075 0.64338928 0.39629191 85 87 31 0.000000 2.000000 1.000000 0.485083 0.669717 -0.562293
-0.26263481 0.64695394 0.40337452 86 89 31 0.000000 2.000000 1.000000 0.848719 -0.072021 -0.523918
-0.26743191 0.64137524 0.39969698 93 93 32 0.000000 3.000000 1.000000 0.418336 0.806219 -0.418336
-0.26487291 0.64205974 0.40347439 99 100 37 0.000000 1.000000 1.000000 0.593027 -0.207945 -0.777867
-0.26829866 0.64083833 0.39709434 89 87 30 0.000000 1.000000 1.000000 0.281421 0.883392 -0.374727
-0.26200995 0.64804858 0.40420634 85 84 32 0.000000 1.000000 1.000000 0.905535 0.262708 0.333154
-0.27212468 0.64114773 0.39544865 90 88 34 0.000000 1.000000 1.000000 0.421510 0.543830 -0.725658
-0.26143035 0.64519954 0.40401691 94 94 32 0.000000 2.000000 1.000000 0.589878 0.782930 -0.197648
-0.26143035 0.64519954 0.40401691 94 94 32 0.000000 2.000000 1.000000 0.589878 0.782930 -0.197648
-0.26110744 0.64316511 0.40416682 94 94 34 0.000000 1.000000 1.000000 0.079298 0.598341 0.797308
-0.26800939 0.64506638 0.40060449 87 88 30 0.000000 1.000000 1.000000 0.416746 0.407166 -0.812735
-0.26218393 0.64828062 0.40575799 87 86 29 0.000000 1.000000 1.000000 0.905004 0.384159 -0.182727
-0.25986499 0.64426523 0.40346116 90 90 29 0.000000 2.000000 1.000000 0.751200 0.226453 -0.620014
-0.26220104 0.64531219 0.40241665 92 91 33 0.000000 1.000000 1.000000 0.715694 0.679225 0.162589
-0.26323313 0.64089084 0.40154672 97 95 34 0.000000 1.000000 1.000000 0.398137 0.495640 -0.771899
-0.26227742 0.64337146 0.40751591 91 91 31 0.000000 1.000000 1.000000 0.997226 0.069474 0.026721
-0.26262906 0.64581579 0.40735593 91 89 30 0.000000 1.000000 1.000000 0.057244 -0.099896 0.993350
-0.26759672 0.64115524 0.39960250 92 92 32 0.000000 3.000000 1.000000 0.383160 0.920929 0.071254
-0.26264501 0.64884311 0.40480566 84 84 30 0.000000 1.000000 1.000000 0.904861 0.420454 0.066674
-0.26110744 0.64316511 0.40416682 94 94 34 0.000000 1.000000 1.000000 0.079298 0.598341 0.797308
-0.26812756 0.64358455 0.39934301 84 87 29 0.000000 1.000000 1.000000 0.457067 0.090854 -0.884780
-0.25961381 0.64192235 0.40803128 89 89 27 0.000000 1.000000 1.000000 0.158668 -0.630140 0.760097
-0.25594544 0.64381528 0.40750635 101 98 34 0.000000 1.000000 1.000000 0.233697 0.947086 -0.220030
-0.26241449 0.64417881 0.40721652 90 90 29 0.000000 1.000000 1.000000 0.976678 0.205552 0.062031
-0.26222458 0.64596915 0.40405774 93 92 32 0.000000 2.000000 1.000000 0.644724 0.526889 -0.553823
-0.26120597 0.64544183 0.40484962 95 95 33 0.000000 2.000000 1.000000 0.751476 0.628030 -0.202142
-0.26141390 0.64583671 0.40474004 95 95 33 0.000000 1.000000 1.000000 0.869826 0.400638 -0.287911
-0.26487291 0.64205974 0.40347439 99 100 37 0.000000 1.000000 1.000000 0.593027 -0.207945 -0.777867
-0.27495974 0.64361906 0.39508781 73 75 26 0.000000 1.000000 1.000000 0.230190 0.965769 -0.119596
-0.26263127 0.64630687 0.40219244 86 85 31 0.000000 1.000000 1.000000 0.758898 -0.139206 0.636157
-0.26898709 0.64042032 0.39882159 91 91 30 0.000000 1.000000 1.000000 0.475318 -0.067903 -0.877190
-0.26870158 0.64291227 0.39878038 95 95 35 0.000000 2.000000 1.000000 0.501084 -0.025801 -0.865014
-0.25793603 0.64360803 0.40475559 94 95 33 0.000000 2.000000 1.000000 0.363489 0.866545 0.342017
-0.26853576 0.64169502 0.39908987 87 86 29 0.000000 2.000000 1.000000 0.479700 -0.028377 -0.876973
-0.25910711 0.64153516 0.40760165 89 89 27 0.000000 1.000000 1.000000 0.269366 -0.817441 0.509149
-0.26568735 0.64045596 0.39924073 91 91 30 0.000000 1.000000 1.000000 0.219771 0.972207 0.080707
-0.26618534 0.64044315 0.40013945 94 94 32 0.000000 1.000000 1.000000 0.201503 0.965914 0.162502
-0.25944912 0.64347553 0.40368032 91 91 29 0.000000 1.000000 1.000000 0.711230 0.439338 -0.548758
-0.27240801 0.64321440 0.39649597 85 85 29 0.000000 1.000000 1.000000 0.230190 0.965769 -0.119596
-0.25984541 0.64430737 0.40511736 96 96 34 0.000000 1.000000 1.000000 0.417520 0.903008 -0.101259
-0.26725271 0.64139026 0.39979649 94 94 31 0.000000 1.000000 1.000000 0.374667 0.520641 -0.767175
-0.26191697 0.64424360 0.40843299 88 88 28 0.000000 1.000000 1.000000 0.800978 0.216772 -0.558071
-0.26120597 0.64544183 0.40484962 96 96 34 0.000000 1.000000 1.000000 0.850989 0.494554 -0.176732
-0.26870158 0.64291227 0.39878038 96 96 36 0.000000 1.000000 1.000000 0.501084 -0.025801 -0.865014
-0.26171732 0.64419675 0.40595829 89 89 27 0.000000 1.000000 1.000000 0.255652 -0.958368 0.127171
-0.26176807 0.64749086 0.40597716 87 86 29 0.000000 1.000000 1.000000 0.364396 0.908830 -0.203083
-0.26530898 0.64047611 0.39898074 89 89 28 0.000000 2.000000 1.000000 0.290021 0.787653 -0.543591
-0.27180842 0.64035547 0.39584756 81 84 27 0.000000 2.000000 1.000000 0.645327 -0.283432 -0.709380
-0.26840070 0.64376205 0.39895925 88 89 30 0.000000 2.000000 1.000000 0.482918 0.028407 -0.875205
-0.27287471 0.64358181 0.39600763 87 90 35 0.000000 1.000000 1.000000 0.541994 -0.028961 -0.839883
-0.27212468 0.64114773 0.39544865 90 88 34 0.000000 1.000000 1.000000 0.421510 0.543830 -0.725658
-0.26182246 0.64771557 0.40689012 89 87 30 0.000000 1.000000 1.000000 0.143107 0.987784 -0.061664
-0.26904768 0.64183515 0.39786834 85 84 28 0.000000 1.000000 1.000000 0.421510 0.543830 -0.725658
-0.27212468 0.64114773 0.39544865 90 88 34 0.000000 1.000000 1.000000 0.421510 0.543830 -0.725658
-0.26272565 0.64150172 0.40818074 88 88 25 0.000000 1.000000 1.000000 0.520947 -0.608615 0.598499
-0.26259723 0.64481086 0.40829912 89 89 28 0.000000 1.000000 1.000000 0.915050 0.238520 -0.325255
-0.25910711 0.64153516 0.40760165 89 89 27 0.000000 1.000000 1.000000 0.269366 -0.817441 0.509149
-0.26725373 0.64282739 0.39958146 88 87 30 0.000000 1.000000 1.000000 0.469932 0.011981 -0.882621
-0.26242271 0.64824331 0.40492028 84 84 29 0.000000 1.000000 1.000000 0.950137 0.299287 0.087564
-0.25942701 0.64430773 0.40393943 92 92 30 0.000000 3.000000 1.000000 0.482953 0.875269 0.025703
-0.26227742 0.64337146 0.40751591 90 90 30 0.000000 1.000000 1.000000 0.995960 0.085616 0.027094
-0.27488014 0.64363152 0.39536706 78 79 27 0.000000 1.000000 1.000000 0.230190 0.965769 -0.119596
-0.25871491 0.64273554 0.40501648 94 95 34 0.000000 2.000000 1.000000 -0.017538 0.870178 0.492426
-0.26262906 0.64581579 0.40735593 91 89 30 0.000000 1.000000 1.000000 0.057244 -0.099896 0.993350
-0.26487291 0.64205974 0.40347439 99 100 37 0.000000 1.000000 1.000000 0.593027 -0.207945 -0.777867
-0.25924829 0.64437473 0.40615413 99 97 33 0.000000 1.000000 1.000000 0.395970 0.872347 -0.286737
-0.26275077 0.64498103 0.40727660 92 92 30 0.000000 1.000000 1.000000 0.757760 -0.113738 0.642545
-0.26832265 0.64154720 0.40085062 99 99 34 0.000000 1.000000 1.000000 0.593027 -0.207945 -0.777867
-0.25910711 0.64153516 0.40760165 89 89 27 0.000000 1.000000 1.000000 0.269366 -0.817441 0.509149
-0.26275077 0.64498103 0.40727660 92 92 30 0.000000 1.000000 1.000000 0.757760 -0.113738 0.642545
-0.26199600 0.64789563 0.40632659 88 86 30 0.000000 1.000000 1.000000 0.572308 0.808921 -0.134574
-0.26190257 0.64403868 0.40843803 88 88 28 0.000000 1.000000 1.000000 0.862323 0.160125 -0.480374
-0.26569697 0.64095992 0.40300205 99 100 38 0.000000 1.000000 1.000000 0.593027 -0.207945 -0.777867
-0.26246127 0.64677387 0.40393806 87 90 31 0.000000 2.000000 1.000000 0.582673 0.037727 -0.811830
-0.25944912 0.64347553 0.40368032 92 91 30 0.000000 3.000000 1.000000 0.684372 0.380940 -0.621707
-0.25982186 0.64365041 0.40347627 96 94 35 0.000000 2.000000 1.000000 0.490353 0.020263 -0.871288
-0.26210079 0.64764601 0.40485516 86 85 28 0.000000 2.000000 1.000000 0.916983 0.380347 -0.120328
-0.25944912 0.64347553 0.40368032 91 91 29 0.000000 1.000000 1.000000 0.711230 0.439338 -0.548758
-0.26487291 0.64205974 0.40347439 99 100 37 0.000000 1.000000 1.000000 0.593027 -0.207945 -0.777867
-0.26251873 0.64254403 0.40807530 89 89 27 0.000000 1.000000 1.000000 0.699671 -0.340865 0.627910
-0.26261160 0.64501578 0.40829408 90 90 29 0.000000 1.000000 1.000000 0.935364 0.234192 -0.265043
-0.26859426 0.64395201 0.39885470 93 93 33 0.000000 1.000000 1.000000 0.501084 -0.025801 -0.865014
-0.25871491 0.64273554 0.40501648 94 95 34 0.000000 2.000000 1.000000 0.014741 0.875072 0.483769
-0.25910711 0.64153516 0.40760165 89 89 27 0.000000 1.000000 1.000000 0.269366 -0.817441 0.509149
-0.26904768 0.64183515 0.39786834 86 85 28 0.000000 1.000000 1.000000 0.421510 0.543830 -0.725658
-0.27335688 0.64187491 0.39501122 85 84 33 0.000000 1.000000 1.000000 0.533151 0.295843 -0.792607
-0.27287471 0.64358181 0.39600763 87 90 35 0.000000 1.000000 1.000000 0.541994 -0.028961 -0.839883
-0.25974217 0.64232969 0.40820095 90 90 28 0.000000 1.000000 1.000000 0.089717 -0.514095 0.853028
-0.27519849 0.64358169 0.39425007 66 69 25 0.000000 1.000000 1.000000 0.230190 0.965769 -0.119596
-0.26191652 0.64419162 0.40631780 89 89 27 0.000000 1.000000 1.000000 0.508282 -0.726826 0.461924
-0.26180246 0.64770567 0.40643111 88 86 30 0.000000 1.000000 1.000000 0.246864 0.960028 -0.131922
-0.25992501 0.64429492 0.40483814 95 95 33 0.000000 1.000000 1.000000 0.415604 0.907872 -0.055145
-0.26251873 0.64254403 0.40807530 90 90 28 0.000000 1.000000 1.000000 0.707465 -0.339908 0.619642
-0.26270556 0.64520830 0.40800980 90 89 29 0.000000 1.000000 1.000000 0.968865 0.224169 -0.105119
-0.25974217 0.64232969 0.40820095 90 90 27 0.000000 1.000000 1.000000 0.089717 -0.514095 0.853028
-0.26800939 0.64506638 0.40060449 87 88 30 0.000000 1.000000 1.000000 0.416746 0.407166 -0.812735
-0.26264501 0.64884311 0.40480566 84 84 31 0.000000 1.000000 1.000000 0.904861 0.420454 0.066674
-0.26201612 0.64418906 0.40649754 89 89 27 0.000000 1.000000 1.000000 0.620791 -0.446769 0.644217
-0.26831347 0.64109522 0.39920449 90 89 30 0.000000 2.000000 1.000000 0.585116 0.260227 -0.768063
-0.26190206 0.64770311 0.40661088 88 86 30 0.000000 1.000000 1.000000 0.172665 0.981653 -0.080899
-0.26171732 0.64419675 0.40595829 89 89 27 0.000000 1.000000 1.000000 0.255652 -0.958368 0.127171
-0.26725373 0.64282739 0.39958146 88 86 29 0.000000 1.000000 1.000000 0.469932 0.011981 -0.882621
-0.26779029 0.64134520 0.39949796 92 91 32 0.000000 3.000000 1.000000 0.508211 0.782483 -0.359781
-0.26870158 0.64291227 0.39878038 95 95 35 0.000000 2.000000 1.000000 0.500853 -0.017550 -0.865355
-0.26323313 0.64089084 0.40154672 97 95 34 0.000000 1.000000 1.000000 0.398137 0.495640 -0.771899
-0.25934744 0.64432019 0.40421867 93 93 31 0.000000 1.000000 1.000000 0.348838 0.923231 0.161110
-0.26569697 0.64095992 0.40300205 99 100 38 0.000000 1.000000 1.000000 0.593027 -0.207945 -0.777867
-0.26248437 0.64737886 0.40346396 85 88 31 0.000000 2.000000 1.000000 0.903086 -0.363277 -0.229054
-0.26191697 0.64424360 0.40843299 88 88 28 0.000000 1.000000 1.000000 0.807376 0.202989 -0.554022
-0.26800939 0.64506638 0.40060449 87 88 30 0.000000 1.000000 1.000000 0.416746 0.407166 -0.812735
-0.26323313 0.64089084 0.40154672 97 95 34 0.000000 1.000000 1.000000 0.398137 0.495640 -0.771899
-0.26800939 0.64506638 0.40060449 87 88 30 0.000000 1.000000 1.000000 0.416746 0.407166 -0.812735
-0.27211031 0.64094281 0.39545369 88 87 33 0.000000 2.000000 1.000000 0.471258 0.458122 -0.753684
-0.26312926 0.64629406 0.40309113 89 90 32 0.000000 1.000000 1.000000 0.961735 0.255521 -0.098870
-0.25974217 0.64232969 0.40820095 90 90 27 0.000000 1.000000 1.000000 0.089717 -0.514095 0.853028
-0.26181746 0.64557940 0.40380782 92 92 31 0.000000 2.000000 1.000000 0.656335 0.633073 -0.410417
-0.27287471 0.64358181 0.39600763 87 90 35 0.000000 1.000000 1.000000 0.541994 -0.028961 -0.839883
-0.26725271 0.64139026 0.39979649 94 94 32 0.000000 3.000000 1.000000 0.420406 0.656364 -0.626454
-0.26193145 0.64578176 0.40398252 93 92 31 0.000000 2.000000 1.000000 0.687446 0.553636 -0.470005
-0.25594544 0.64381528 0.40750635 101 98 34 0.000000 1.000000 1.000000 0.233697 0.947086 -0.220030
-0.26085323 0.64527678 0.40551263 95 95 31 0.000000 2.000000 1.000000 0.609549 0.685537 -0.398107
-0.27287471 0.64358181 0.39600763 86 90 34 0.000000 1.000000 1.000000 0.541994 -0.028961 -0.839883
-0.26776671 0.64068830 0.39785686 88 86 29 0.000000 2.000000 1.000000 0.351809 0.357954 -0.864927
-0.25974217 0.64232969 0.40820095 89 89 27 0.000000 1.000000 1.000000 0.089717 -0.514095 0.853028
-0.26829866 0.64083833 0.39709434 89 87 30 0.000000 1.000000 1.000000 0.281421 0.883392 -0.374727
-0.25793603 0.64360803 0.40475559 94 96 33 0.000000 1.000000 1.000000 0.369941 0.867288 0.333100
-0.26193133 0.64444858 0.40842795 88 88 28 0.000000 1.000000 1.000000 0.776613 0.239078 -0.582850
-0.26200473 0.64829564 0.40585750 87 86 29 0.000000 1.000000 1.000000 0.848663 0.492434 -0.193082
-0.26859426 0.64395201 0.39885470 92 92 32 0.000000 2.000000 1.000000 0.500853 -0.017550 -0.865355
-0.26110744 0.64316511 0.40416682 94 94 34 0.000000 1.000000 1.000000 0.079298 0.598341 0.797308
-0.26085323 0.64527678 0.40551263 95 95 31 0.000000 2.000000 1.000000 0.627744 0.677172 -0.383896
-0.26776671 0.64068830 0.39785686 88 87 30 0.000000 2.000000 1.000000 0.348485 0.466237 -0.813131
-0.27180842 0.64035547 0.39584756 81 84 27 0.000000 1.000000 1.000000 0.641578 -0.359349 -0.677677
-0.26220104 0.64531219 0.40241665 92 91 33 0.000000 1.000000 1.000000 0.715694 0.679225 0.162589
-0.26569697 0.64095992 0.40300205 99 100 38 0.000000 1.000000 1.000000 0.593027 -0.207945 -0.777867
-0.26275077 0.64498103 0.40727660 92 92 30 0.000000 1.000000 1.000000 0.757760 -0.113738 0.642545
-0.25910711 0.64153516 0.40760165 89 89 27 0.000000 1.000000 1.000000 0.269366 -0.817441 0.509149
-0.27162921 0.64037043 0.39594704 80 84 27 0.000000 1.000000 1.000000 0.641578 -0.359349 -0.677677
-0.26923150 0.64018792 0.39844790 93 92 31 0.000000 2.000000 1.000000 0.433016 0.445990 -0.783320
-0.25978538 0.64427769 0.40374041 90 90 29 0.000000 3.000000 1.000000 0.770050 0.326347 -0.548198
-0.26725373 0.64282739 0.39958146 88 87 30 0.000000 1.000000 1.000000 0.469932 0.011981 -0.882621
-0.26251873 0.64254403 0.40807530 90 90 28 0.000000 1.000000 1.000000 0.699671 -0.340865 0.627910
-0.26262906 0.64581579 0.40735593 91 89 30 0.000000 1.000000 1.000000 0.057244 -0.099896 0.993350
-0.26253730 0.64611441 0.40247673 88 87 31 0.000000 1.000000 1.000000 0.862980 0.095255 0.496178
-0.25962830 0.64346051 0.40358081 94 93 32 0.000000 3.000000 1.000000 0.618994 0.222963 -0.753083
-0.26194373 0.64682883 0.40469557 92 92 31 0.000000 2.000000 1.000000 0.885180 0.274091 -0.375939
-0.26528895 0.64046621 0.39852175 89 89 29 0.000000 2.000000 1.000000 0.293751 0.688630 -0.662947
-0.26262906 0.64581579 0.40735593 91 88 29 0.000000 1.000000 1.000000 0.057244 -0.099896 0.993350
-0.27162921 0.64037043 0.39594704 81 84 26 0.000000 1.000000 1.000000 0.641578 -0.359349 -0.677677
-0.26217166 0.64723361 0.40504497 84 84 27 0.000000 1.000000 1.000000 0.834949 0.530525 -0.146301
-0.26530898 0.64047611 0.39898074 90 89 29 0.000000 3.000000 1.000000 0.299732 0.794527 -0.528099
-0.27162921 0.64037043 0.39594704 81 84 26 0.000000 1.000000 1.000000 0.641578 -0.359349 -0.677677
-0.26904768 0.64183515 0.39786834 86 85 28 0.000000 1.000000 1.000000 0.421510 0.543830 -0.725658
-0.26820713 0.64357215 0.39906377 86 88 30 0.000000 2.000000 1.000000 0.473265 0.059331 -0.878920
-0.27298415 0.64169997 0.39521524 86 85 33 0.000000 1.000000 1.000000 0.499906 0.380188 -0.778172
-0.26147556 0.64497226 0.40328372 90 90 30 0.000000 1.000000 1.000000 0.471354 0.842910 -0.259475
-0.26263127 0.64630687 0.40219244 86 86 31 0.000000 1.000000 1.000000 0.758898 -0.139206 0.636157
-0.26856551 0.64354211 0.39886478 93 93 33 0.000000 2.000000 1.000000 0.500591 -0.009394 -0.865633
-0.27180842 0.64035547 0.39584756 81 84 27 0.000000 1.000000 1.000000 0.641578 -0.359349 -0.677677
-0.26147556 0.64497226 0.40328372 90 90 30 0.000000 2.000000 1.000000 0.500467 0.821639 -0.272840
-0.26569697 0.64095992 0.40300205 99 100 38 0.000000 1.000000 1.000000 0.593027 -0.207945 -0.777867
-0.26582652 0.64042121 0.39822325 92 92 32 0.000000 1.000000 1.000000 0.252564 0.959218 -0.126936
-0.26067403 0.64529181 0.40561214 95 95 31 0.000000 1.000000 1.000000 0.609549 0.685537 -0.398107
-0.26618534 0.64044315 0.40013945 95 95 33 0.000000 1.000000 1.000000 0.205790 0.963414 0.171710
-0.26582652 0.64042121 0.39822325 92 92 32 0.000000 1.000000 1.000000 0.252564 0.959218 -0.126936
-0.26487291 0.64205974 0.40347439 99 100 37 0.000000 1.000000 1.000000 0.593027 -0.207945 -0.777867
-0.27335688 0.64187491 0.39501122 85 84 33 0.000000 1.000000 1.000000 0.533151 0.295843 -0.792607
-0.25871491 0.64273554 0.40501648 95 95 35 0.000000 1.000000 1.000000 -0.023010 0.867597 0.496736
-0.26110744 0.64316511 0.40416682 94 94 33 0.000000 1.000000 1.000000 0.079298 0.598341 0.797308
-0.26834220 0.64150512 0.39919442 88 87 30 0.000000 2.000000 1.000000 0.488455 -0.042415 -0.871557
-0.27212468 0.64114773 0.39544865 90 88 34 0.000000 1.000000 1.000000 0.421510 0.543830 -0.725658
-0.25924829 0.64437473 0.40615413 100 98 34 0.000000 1.000000 1.000000 0.395970 0.872347 -0.286737
-0.26725271 0.64139026 0.39979649 94 94 32 0.000000 1.000000 1.000000 0.374667 0.520641 -0.767175
-0.27488014 0.64363152 0.39536706 78 79 27 0.000000 1.000000 1.000000 0.230190 0.965769 -0.119596
-0.26800939 0.64506638 0.40060449 87 88 30 0.000000 1.000000 1.000000 0.416746 0.407166 -0.812735
-0.26569697 0.64095992 0.40300205 99 100 38 0.000000 1.000000 1.000000 0.593027 -0.207945 -0.777867
-0.26800939 0.64506638 0.40060449 86 88 29 0.000000 1.000000 1.000000 0.416746 0.407166 -0.812735
-0.26783440 0.64339721 0.39926782 85 87 29 0.000000 1.000000 1.000000 0.465419 0.067672 -0.882500
-0.26048049 0.64510185 0.40571669 96 95 31 0.000000 1.000000 1.000000 0.563483 0.736611 -0.374022
-0.27335688 0.64187491 0.39501122 85 84 33 0.000000 1.000000 1.000000 0.533151 0.295843 -0.792607
-0.26110744 0.64316511 0.40416682 93 93 34 0.000000 1.000000 1.000000 0.079298 0.598341 0.797308
-0.25924829 0.64437473 0.40615413 99 98 33 0.000000 1.000000 1.000000 0.395970 0.872347 -0.286737
